




0.00100000000000000002 0.00001000000000000000 0 0
0.00100000000000000002 10000.00000000000000000000 1 1
0.18706017191977078462 1919.77078171919788474042 1 13
0.04107449856733524224 487.10602670487105569919 1 15
0.00100000000000000002 0.00001000000000000000 0 20
0.02962464183381088856 1002.86533851002866413182 1 15
0.02389971346704871172 0.00001000000000000000 7 15
0.00100000000000000002 0.00001000000000000000 2 20
0.00386246418338108887 0.00001000000000000000 1 20
0.01244985673352435457 85.95989530085961405348 1 20
0.00386246418338108887 0.00001000000000000000 3 20
0.04107449856733524224 1489.97135521489985876542 5 18
0.00100000000000000002 0.00001000000000000000 4 20
0.02103724928366762156 515.75932180515758318506 13 18
0.00386246418338108887 0.00001000000000000000 5 20
0.00100000000000000002 0.00001000000000000000 6 20
0.01244985673352435457 0.00001000000000000000 3 19
0.00100000000000000002 0.00001000000000000000 8 20
0.01244985673352435457 85.95989530085961405348 5 20
0.00100000000000000002 0.00001000000000000000 1 19
0.01531232091690544472 515.75932180515758318506 13 19
0.00386246418338108887 0.00001000000000000000 1 19
0.01244985673352435457 0.00001000000000000000 7 20
0.00100000000000000002 0.00001000000000000000 3 19
0.02103724928366762156 630.37250220630369312858 11 20
0.00386246418338108887 0.00001000000000000000 7 20
0.02103724928366762156 888.25215810888255418831 5 16
0.00100000000000000002 0.00001000000000000000 5 19
0.00386246418338108887 0.00001000000000000000 3 19
0.00386246418338108887 0.00001000000000000000 11 20
0.01244985673352435457 0.00001000000000000000 5 19
0.02676217765042980187 229.22637080229227990458 13 17
0.00100000000000000002 0.00001000000000000000 7 19
0.00672492836676217773 200.57307570200575241870 7 19
0.00386246418338108887 0.00001000000000000000 9 18
0.00958739255014326788 257.87966590257877896875 13 20
0.00100000000000000002 0.00001000000000000000 11 20
0.01244985673352435457 0.00001000000000000000 10 20
0.00386246418338108887 0.00001000000000000000 5 19
0.00100000000000000002 0.00001000000000000000 14 20
0.00386246418338108887 0.00001000000000000000 12 18
0.02389971346704871172 630.37250220630369312858 14 20
0.00386246418338108887 0.00001000000000000000 16 20
0.00100000000000000002 0.00001000000000000000 12 18
0.00958739255014326788 315.18625610315183394050 17 19
0.00386246418338108887 0.00001000000000000000 14 19
0.00958739255014326788 171.91978060171922493282 12 20
0.00100000000000000002 0.00001000000000000000 16 20
0.01531232091690544472 1002.86533851002866413182 18 20
0.00100000000000000002 0.00001000000000000000 9 18
0.00100000000000000002 0.00001000000000000000 18 20
0.00672492836676217773 0.00001000000000000000 12 20
0.02389971346704871172 573.06591200573063815682 19 20
0.00386246418338108887 0.00001000000000000000 18 20
0.00100000000000000002 0.00001000000000000000 20 20
0.00958739255014326788 171.91978060171922493282 17 20
0.00386246418338108887 0.00001000000000000000 10 19
0.01244985673352435457 429.79943650429800072743 16 20
0.00386246418338108887 57.30660020057307235675 17 20
0.00958739255014326788 0.00001000000000000000 19 20
0.00386246418338108887 0.00001000000000000000 20 20
0.01244985673352435457 401.14614140401147324155 20 20
0.00672492836676217773 0.00001000000000000000 20 20
0.00100000000000000002 0.00001000000000000000 14 19
0.00386246418338108887 28.65330510028653421273 19 20
0.00958739255014326788 171.91978060171922493282 20 20
0.02676217765042980187 1117.47851891117488776217 19 20
0.00100000000000000002 0.00001000000000000000 19 20
0.00386246418338108887 85.95989530085961405348 20 20
0.01817478510028653488 687.67909240687686178717 20 20
0.00100000000000000002 0.00001000000000000000 14 17
0.00386246418338108887 28.65330510028653421273 20 20
0.01244985673352435457 171.91978060171922493282 20 20
0.00100000000000000002 0.00001000000000000000 0 19
0.03534957020057306887 1289.39828951289405267744 10 19
0.00386246418338108887 0.00001000000000000000 19 20
0.00672492836676217773 57.30660020057307235675 20 20
0.02389971346704871172 1432.66476501432680379367 19 20
0.00958739255014326788 57.30660020057307235675 20 20
0.00100000000000000002 0.00001000000000000000 18 19
0.01817478510028653488 315.18625610315183394050 20 20
0.00386246418338108887 57.30660020057307235675 12 20
0.00386246418338108887 0.00001000000000000000 15 20
0.01244985673352435457 200.57307570200575241870 20 20
0.00386246418338108887 57.30660020057307235675 19 20
0.00100000000000000002 0.00001000000000000000 9 14
0.00100000000000000002 0.00001000000000000000 17 18
0.00386246418338108887 257.87966590257877896875 20 20
0.00672492836676217773 114.61319040114614153936 19 20
0.00386246418338108887 28.65330510028653421273 17 20
0.01531232091690544472 0.00001000000000000000 20 20
0.00100000000000000002 0.00001000000000000000 0 5
0.03248710601719197871 1805.15760131805154742324 19 20
0.00386246418338108887 57.30660020057307235675 20 20
