




0.001000 0.000000 0 0
0.002846 7.692308 7 20
0.001000 100.000000 1 1
0.002385 12.820513 1 16
0.001000 92.307692 3 7
0.002385 0.000000 13 20
0.001462 10.256410 3 16
0.001000 82.051282 3 12
0.001462 10.256410 13 20
0.002615 10.256410 7 16
0.001000 56.410256 2 7
0.001000 0.000000 1 19
0.002846 10.256410 13 20
0.001000 84.615385 12 13
0.001000 92.307692 3 20
0.001923 12.820513 5 18
0.001000 0.000000 0 20
0.001000 89.743590 13 14
0.001000 79.487179 0 17
0.001000 0.000000 2 20
0.001000 0.000000 4 20
0.002154 10.256410 1 13
0.001692 10.256410 5 15
0.001231 89.743590 15 19
0.002385 12.820513 11 20
0.001462 92.307692 15 19
0.002846 15.384615 13 20
0.002615 5.128205 3 15
0.001000 87.179487 5 16
0.001000 0.000000 3 19
0.002154 15.384615 15 19
0.001692 100.000000 14 18
0.003308 5.128205 16 20
0.001923 100.000000 7 20
0.002846 7.692308 9 17
0.009308 7.692308 13 20
0.009308 74.358974 4 19
0.001000 0.000000 6 18
0.008846 41.025641 8 20
0.001000 0.000000 7 19
0.005846 69.230769 9 20
0.001000 92.307692 19 20
0.006538 89.743590 14 18
0.001000 0.000000 9 19
0.007923 71.794872 16 20
0.001000 0.000000 10 20
0.009077 94.871795 8 20
0.001000 0.000000 13 20
0.001000 74.358974 19 20
0.001923 25.641026 11 20
0.001231 94.871795 13 20
0.001000 0.000000 16 20
0.007692 100.000000 17 20
0.001000 0.000000 18 20
0.003308 7.692308 18 20
0.001231 66.666667 19 20
0.001462 5.128205 15 20
0.001000 2.564103 16 20
0.002385 38.461538 18 20
0.001231 38.461538 19 20
0.001692 0.000000 19 20
0.001692 69.230769 19 20
0.003769 25.641026 19 20
0.001000 0.000000 20 20
0.001462 89.743590 19 20
0.002385 0.000000 19 20
0.006538 46.153846 20 20
0.001231 2.564103 19 20
0.001000 89.743590 14 20
0.003769 20.512821 20 20
0.010000 43.589744 20 20
0.001231 7.692308 20 20
0.002154 94.871795 20 20
0.001000 87.179487 20 20
0.004462 43.589744 20 20
0.001231 0.000000 18 20
0.001231 5.128205 19 20
0.003769 74.358974 20 20
0.001692 87.179487 20 20
0.003308 7.692308 20 20
0.002846 94.871795 20 20
0.001231 0.000000 20 20
0.001231 94.871795 19 20
0.001923 12.820513 20 20
0.003538 38.461538 20 20
0.008615 41.025641 20 20
0.001000 5.128205 20 20
0.001231 76.923077 20 20
0.001462 0.000000 19 20
0.005846 43.589744 20 20
0.002154 79.487179 20 20
0.002154 20.512821 20 20
0.001231 100.000000 19 20
0.001000 0.000000 19 20
0.002154 0.000000 20 20
0.004923 82.051282 20 20
0.004462 20.512821 20 20
0.001692 84.615385 20 20
0.002846 5.128205 20 20
0.001000 33.333333 20 20
0.001692 0.000000 20 20
