=I1 	 = 1 I1 	| 	# 	0  100    0 	436   51    1    1 	0.01 
=I2 	 = 1 I2 	| 	# 	0  100    0 	699   52    1    1 	0.01 
O1= 	1 O1 =  	| 	# 	0  100    0 	529  580    1    1 	0.01 
O2= 	1 O2 =  	| 	# 	0  100    0 	738  579    1    1 	0.01 
14  	1 A + 1 I1 = 1 B 	| 	# 	0  100    0 	399  196    1    1 	0.01 
23  	1 !I1 + 1 I2 = 1 E 	| 	# 	0  100    0 	528  197    1    1 	0.01 
5   	1 B = 1 C 	| 	# 	0  100    0 	435           312             1             1 	0.01 
6   	1 C = 1 D 	| 	# 	0  100    0 	347  415    1    1 	0.01 
7   	1 !D = 1 A 	| 	# 	0  100    0 	211           276             1             1 	0.01 
8   	1 E = 1 C 	| 	# 	0  100    0 	567  311    1    1 	0.01 
9   	1 E = 1 F 	| 	# 	0  100    0 	661  242    1    1 	0.01 
10  	1 F = 1 G 	| 	# 	0  100    0 	727  325    1    1 	0.01 
11  	1 G = 1 F 	| 	# 	0  100    0 	648  322    1    1 	0.01 
12  	1 C = 1 O1 	| 	# 	0  100    0 	528  485    1    1 	0.01 
13  	1 G = 1 O2 	| 	# 	0  100    0 	739  485    1    1 	0.01 
