0	158.452	102.73	152.004	198.865	172.437	221.818
1	159.036	102.776	142.672	219.51	181.685	220.298
2	159.214	103.427	139.447	215.101	182.073	220.074
3	159.659	103.503	138.185	209.887	181.042	220.592
4	159.041	104.485	134.305	198.557	177.326	216.911
5	159.162	104.907	129.476	189.387	182.617	220.852
6	158.131	104.328	132.395	177.495	171.086	219.08
7	157.939	103.657	131.758	172.719	160.262	224.987
8	157.565	102.941	124.588	170.84	158.97	229.356
9	156.757	103.023	119.629	168.968	158.566	232.302
10	155.528	102.633	116.165	160.317	158.726	231.449
11	155.643	102.189	114.302	150.668	159.069	232.469
12	154.582	101.573	111.377	141.624	159.979	230.34
13	154.028	100.827	110.808	132.52	159.109	229.2
14	153.601	100.102	111.255	121.367	160.919	226.714
15	153.091	100.095	109.124	115.255	164.712	224.172
16	152.582	98.9258	107.092	112.044	167.463	220.692
17	152.973	99.2114	108.029	107.436	169.352	217.401
18	152.563	99.4611	106.932	106.616	169.074	213.394
19	151.107	98.8588	105.445	109.077	170.268	208.693
20	150.808	98.6971	106.028	111.305	171.213	204.231
21	150.983	98.8188	105.617	117.23	172.678	200.468
22	150.787	99.4238	106.873	123.19	172.717	197.499
23	150.736	100.379	108.177	130.334	171.466	193.495
24	151.193	100.567	106.737	141.986	172.319	191.351
25	150.391	100.869	109.108	148.594	170.934	188.864
26	150.462	101.445	110.145	155.957	172.203	187.731
27	150.68	100.993	114.782	163.268	172.521	186.211
28	151.277	102.078	116.717	166.4	171.507	188.043
29	150.929	102.247	115.018	167.123	169.562	187.322
30	150.829	102.379	109.883	163.967	167.771	189.97
31	150.853	103.003	106.876	161.322	165.826	195.773
32	151.912	102.494	104.574	151.916	162.806	201.13
33	151.699	102.174	97.2557	146.999	161.497	207.947
34	151.108	100.4	91.8743	136.592	156.719	212.349
35	151.753	99.644	87.6847	124.779	151.447	217.001
36	151.998	99.3402	86.1155	131.236	146.654	220.555
37	153.418	99.4826	86.5437	127.63	145.896	223.445
38	153.836	98.5023	90.1583	126.903	142.454	225.864
39	153.333	98.5823	92.9629	123.976	142.027	227.623
40	153.481	97.9917	96.7074	126.214	142.119	228.152
41	154.161	98.0426	100.221	127.124	141.181	228.093
42	154.667	97.5857	100.291	130.73	142.946	227.883
43	153.677	98.5751	100.015	135.765	142.285	227.176
44	153.16	98.2969	100.146	135.031	144.439	228.043
45	153.323	97.7535	100.446	134.448	144.589	227.198
46	153.185	97.6376	100.43	132.785	142.506	228.48
47	153.429	98.1276	100.476	134.144	144.63	228.528
48	153.227	98.2379	102.193	133.189	143.808	228.77
49	152.152	98.9922	102.23	134.682	143.493	229.678
50	151.682	98.4948	102.585	133.473	142.517	228.745
51	152.188	99.2356	101.564	136.397	143.164	229.389
52	152.563	99.5704	102.384	134.826	142.568	229.106
53	152.941	99.0825	101.794	135.798	143.838	228.92
54	152.231	99.1701	101.713	133.871	141.841	224.889
55	152.747	99.3178	100.407	133.627	147.855	216.842
56	152.588	99.3467	98.5619	136.576	158.678	203.13
57	153.913	99.6279	95.5833	133.623	173.144	187.063
58	154.252	100.473	91.2213	138.161	188.144	175.188
59	154.358	100.691	88.8936	138.934	200.436	165.677
60	154.397	100.354	87.6601	142.748	208.65	159.288
61	154.125	99.8788	87.5672	144.424	211.963	154.055
62	154.7	99.6952	87.418	142.932	212.447	151.717
63	154.056	99.7434	94.4058	144.489	205.117	149.397
64	153.817	99.5388	102.083	141.742	200.591	147.703
65	154.053	98.8701	107.56	134.691	197.983	142.313
66	153.421	98.2422	108.534	132.532	195.57	142.949
67	153.234	97.863	107.411	127.825	192.429	151.92
68	152.527	98.606	106.634	124.867	186.456	167.67
69	153.507	99.1597	107.766	117.512	173.574	176.4
70	153.852	99.435	106.744	115.379	161.662	181.952
71	153.796	99.3118	107.165	108.641	153.867	191.974
72	152.751	99.6294	104.198	109.791	147.966	200.988
73	153.274	100.367	104.767	112.402	141.706	204.52
74	153.735	99.8308	108.37	109.599	138.233	208.303
75	154.331	99.7431	110.616	107.507	132.369	206.464
76	154.04	99.2443	108.666	109.425	133.331	206.735
77	154.186	98.3157	106.882	106.594	133.222	207.046
78	152.892	98.5171	105.005	104.49	133.031	205.989
79	152.197	98.5585	104.309	107.303	132.577	205.936
80	152.212	98.4784	104.134	108.203	131.483	205.973
81	152.006	98.5137	101.809	110.139	132.317	206.724
82	151.826	98.5567	101.356	109.782	132.738	209.671
83	151.974	98.6776	101.869	111.261	133.453	210.539
84	152.084	98.2059	101.73	113.236	131.682	209.112
85	153.111	97.9879	101.847	112.625	133.562	209.974
86	152.878	98.4062	102.275	112.181	133.2	209.612
87	152.276	99.339	102.551	111.127	133.343	209.203
88	152.208	99.7287	102.389	112.012	134.011	209.242
89	152.249	100.432	102.729	114.682	134.102	207.62
90	151.745	100.849	102.86	117.584	136.684	205.012
91	151.306	101.148	102.023	122.355	142.365	199.236
92	152.783	101.982	99.7531	134.673	150.836	194.534
93	153.237	102.364	98.6018	144.181	163.394	188.215
94	153.502	103.757	94.6284	157.686	176.168	184.494
95	154.09	104.236	95.3352	168.458	191.965	183.526
96	154.491	104.287	98.0421	171.636	201.981	184.609
97	154.813	104.09	101.71	168.344	206.481	188.742
98	155.407	105.079	101.821	162.656	208.439	190.328
99	155.772	105.732	99.9734	159.445	206.69	190.108
100	156.859	106.139	98.0956	156.53	203.984	188.091
101	156.81	107.641	99.6718	153.955	198.888	185.602
102	157.85	107.711	111.428	159.193	189.04	183.313
103	158.48	109.329	123.401	173.685	175.594	182.992
104	159.493	110.358	130.843	205.891	175.355	190.974
105	160.099	110.428	137.002	206.395	174.185	196.875
106	160.621	110.091	137.313	207.63	175.72	207.417
107	161.238	109.714	139.415	206.067	178.142	214.045
108	162.482	110.665	140.374	205.627	178.077	207.328
109	163.411	110.18	141.856	207.071	178.324	209.15
110	163.526	111.053	140.622	209.902	178.045	209.434
111	164.096	111.588	139.175	207.546	176.684	205.636
112	163.665	112.276	137.883	215.132	177.832	210.837
113	162.718	112.776	138.252	205.886	176.895	206.786
114	161.675	111.876	137.455	208.012	172.927	203.398
115	161.12	111.212	133.865	206.692	173.356	203.209
116	160.231	111.43	135.404	205.764	170.178	210.261
117	159.392	110.579	132.016	210.646	170.005	204.69
118	158.959	110.931	133.588	210.885	170.91	202.366
119	157.406	110.847	133.211	210.312	170.233	206.963
120	156.919	110.306	133.561	206.296	171.031	205.442
121	157.224	111.033	131.087	209.493	168.825	203.445
122	156.315	110.558	132.017	207.166	167.617	201.792
123	155.811	110.394	136.058	202.249	170.19	207.204
124	155.563	110.302	132.578	210.158	167.963	204.064
125	155.39	110.646	133.502	211.507	168.652	203.23
126	154.874	111.059	131.964	207.757	169.244	205.107
127	155.312	112.385	132.737	203.712	168.402	207.109
128	155.526	111.619	132.24	209.422	171.746	210.151
129	155.387	111.441	132.868	206.578	168.784	202.409
130	155.482	111.101	131.363	207.437	171.97	206.344
131	154.899	111.454	130.917	203.012	177.737	210.941
132	155.395	112.192	128.176	200.492	184.227	218.813
133	155.859	112.34	138.387	188.727	181.062	225.58
134	156.437	112.647	141.321	183.045	174.86	236.463
135	155.717	112.599	138.309	184.011	179.499	243.103
136	156.63	111.497	140.547	183.368	177.33	240.002
137	157.324	111.386	146.39	182.651	170.116	227.745
138	157.48	111.024	159.083	180.141	179.826	222.137
139	157.395	111.431	153.111	189.358	171.828	217.845
140	157.874	111.491	158.396	184.47	177.513	220.127
141	158.718	111.477	146.059	196.337	177.895	221.206
142	159.229	110.508	137.131	199.199	176.253	225.565
143	158.512	110.313	132.491	194.907	175.37	224.45
144	158.708	110.924	146.817	184.873	173.94	222.465
145	158.979	110.957	147.547	180.259	165.176	225.594
146	159.423	111.054	143.068	178.775	158.889	231.21
147	159.517	111.107	139.067	175.415	160.987	238.781
148	159.892	109.691	129.991	175.848	158.845	246.122
149	159.009	108.664	127.097	173.583	159.836	251.818
150	158.945	108.016	124.772	171.02	161.026	256.969
151	158.04	106.997	123.975	167.992	159.41	259.528
152	157.935	106.696	124.264	170.085	157.431	256.765
153	158.12	106.93	127.499	172.654	153.672	247.801
154	157.54	106.851	133.581	177.355	150.428	230.453
155	157.903	106.153	148.203	174.704	164.365	218.918
156	158.387	105.823	158.149	182.257	159.048	216.644
157	158.577	106.237	151.933	178.912	159.524	224.077
158	158.547	108.129	142.574	176.48	158.53	226.526
159	159.586	110.08	130.607	180.04	153.114	230.431
160	159.763	110.458	125.26	181.436	155.07	237.333
161	159.046	112.048	125.288	180.661	153.732	240.84
162	158.824	114.516	128.102	182.944	157.676	243.101
163	159.232	117.16	126.853	185.279	166.879	243.702
164	159.099	118.754	124.95	185.665	179.806	239.209
165	158.94	119.983	120.846	187.385	190.652	234.403
166	159.499	120.424	119.985	188.152	196.234	229.261
167	160.173	119.916	120.549	183.155	201.761	224.533
168	161.638	118.847	123.533	180.733	201.693	218.819
169	162.042	118.108	122.307	179.052	201.732	211.313
170	162.14	116.768	121.352	176.984	201.739	204.963
171	162.119	115.637	121.043	178.585	199.708	200.214
172	162.369	114.141	122.191	179.941	195.37	194.334
173	162.054	114.059	123.892	179.513	196.593	191.695
174	161.91	112.297	124.556	178.864	198.742	190.258
175	161.768	112.518	120.817	172.725	201.821	184.264
176	161.476	111.933	116.228	159.558	201.344	174.569
177	162.187	111.614	110.759	149.929	206.61	172.246
178	162.922	110.826	109.424	155.982	206.895	172.762
179	162.977	110.792	112.151	168.374	208.586	181.908
180	162.874	111.202	120.67	183.35	205.977	193.058
181	163.366	112.066	130.24	200.152	199.117	204.351
182	163.293	112.982	131.648	223.746	202.935	225.687
183	163.288	113.884	147.28	230.363	198.434	240.761
184	162.946	114.1	150.32	238.355	197.192	245.977
185	163.691	114.407	144.43	247.097	197.467	249.975
186	163.33	115.709	141.679	251.551	196.778	246.716
187	163.744	115.51	141.714	251.602	194.127	246.688
188	164.266	114.581	140.423	246.458	191.027	245.357
189	164.605	114.252	135.172	243.427	201.678	239.585
190	164.703	113.903	137.23	235.346	200.31	229.872
191	165.125	113.771	134.572	217.986	205.885	212.763
192	164.392	114.156	123.267	198.547	213.631	197.018
193	163.934	114.352	111.452	189.48	223.743	188.909
194	163.422	114.424	104.552	189.201	231.465	188.073
195	163.114	115.725	103.544	189.614	232.423	192.843
196	162.399	116.12	104.586	190.692	224.839	194.729
197	162.797	117.316	115.002	190.292	212.554	192.753
198	162.828	118.738	122.415	190.99	201.988	192.081
199	164.262	119.727	126.244	194.7	197.501	196.418
200	164.22	120.068	126.459	196.654	191.433	193.001
201	164.378	121.393	125.965	193.578	189.579	189.923
202	165.419	121.481	126.342	189.553	188.886	188.032
203	165.555	121.3	126.332	184.439	189.762	186.878
204	165.299	121.329	124.651	183.873	190.444	186.008
205	165.394	122.587	124.833	182.187	191.839	185.544
206	165.096	122.61	127.191	184.278	192.546	186.285
207	164.473	123.307	129.204	193.542	191.319	191.036
208	164.418	124.632	129.218	204.749	191.641	203.979
209	164.059	123.575	128.423	217.237	197.107	216.986
210	163.905	121.766	125.358	227.4	197.102	223.444
211	164.217	119.628	124.844	233.38	194.845	226.173
212	162.274	117.525	131.224	230.973	195.796	226.304
213	161.816	115.863	131.344	230.646	206.653	231.415
214	161.818	114.053	132.198	226.168	203.111	225.9
215	161.206	112.795	131.356	223.248	206.91	222.665
216	160.003	111.518	133.254	219.812	207.556	217.531
217	159.172	109.765	134.834	218.771	206.594	216.181
218	157.385	107.131	130.736	219.039	213.52	214.251
219	156.329	105.831	131.623	217.469	210.544	211.629
220	154.848	105.096	128.779	211.683	213.134	207.268
221	153.009	104.283	127.755	197.272	216.204	201.979
222	150.982	103.978	121.754	185.047	221.786	192.756
223	150.051	104.236	107.059	176.825	234.101	181.089
224	149.024	103.159	89.8284	173.333	248.79	178.59
225	148.575	102.929	78.4801	176.303	259.891	177.308
226	148.343	102.518	83.1473	175.511	254.666	178.171
227	147.111	102.31	93.0093	176.197	245.271	179.751
228	146.586	102.627	106.206	172.231	235.355	183.374
229	146.177	102.105	114.777	168.788	225.553	193.105
230	145.687	101.307	119.966	165.673	213.496	199.501
231	145.274	100.563	126.196	162.717	204.372	202.767
232	145.541	99.935	141.514	161.881	198.224	202.47
233	145.696	99.6217	145.619	170.063	195.216	197.86
234	145.432	98.0968	144.787	176.049	203.142	203.625
235	145.854	97.3944	148.142	174.841	201.715	200.766
236	146.241	97.9391	145.447	177.145	209.09	202.317
237	146.436	99.0941	145.346	178.684	211.342	203.313
238	146.257	99.2754	145.976	186.75	210.844	206.823
239	146.694	98.9735	147.135	197.91	211.308	211.005
240	146.41	99.6196	145.139	207.68	214.469	215.798
241	146.485	99.2523	143.793	212.736	212.387	212.52
242	145.622	99.4136	140.725	212.993	212.166	211.841
243	144.927	98.6873	137.557	209.537	210.694	208.887
244	144.22	98.6036	137.396	202.882	215.627	208.865
245	143.017	99.2272	133.647	195.62	216.588	207.885
246	142.84	100.44	127.982	191.747	219.547	203.113
247	142.086	102.97	119.152	187.157	222.993	194.986
248	141.722	104.363	109.158	182.718	229.256	191.924
249	141.318	105.896	96.7254	181.598	237.578	188.133
250	141.096	107.111	85.0874	188.821	248.779	192.557
251	141.373	107.804	81.0847	192.284	252.391	194.427
252	140.883	108.012	91.7858	187.617	244.891	193.151
253	140.537	107.929	104.019	181.589	233.781	192.469
254	139.891	108.468	113.494	179.241	221.021	194.842
255	139.595	109.509	121.632	180.475	204.499	191.303
256	140.116	110.177	136.194	180.834	190.132	189.901
257	140.089	110.806	139.67	186.211	212.673	222.975
258	140.262	109.939	148.687	183.792	226.916	251.324
259	140.553	110.473	144.294	180.059	231.32	258.96
260	141.056	110.934	148.734	180.163	231.368	257.949
261	140.748	110.276	160.312	180.829	230.543	251.405
262	141.623	110.969	181.79	183.645	229.839	251.685
263	141.491	112.683	145.423	181.91	231.467	258.73
264	140.611	112.218	135.074	183.13	229.232	239.958
265	140.918	111.999	129.676	185.442	229.098	228.362
266	140.182	111.698	121.943	186.618	230.155	218.016
267	140.182	110.084	114.119	187.425	233.433	210.212
268	140.609	110.715	107.938	188.983	237.331	204.062
269	141.185	111.048	103.006	189.755	240.22	202.376
270	140.843	110.133	103.203	185.477	240.994	202.232
271	141.027	110.882	103.655	186.408	240.993	203.669
272	141.855	111.692	106.307	183.452	242.312	201.534
273	142.14	111.436	109.555	181.395	242.591	202.146
274	143.013	110.867	115.129	178.5	240.834	203.583
275	143.335	110.614	114.448	178.302	241.34	202.268
276	143.451	110.425	111.697	173.524	241.431	203.981
277	143.311	110.355	107.878	167.544	242.175	203.954
278	142.62	108.757	107.195	162.323	241.912	201.487
279	142.916	107.829	105.599	156.795	243.996	201.662
280	142.891	106.905	105.989	148.337	246.274	200.393
281	144.065	105.932	106.198	135.62	246.2	199.185
282	144.807	105.09	106.552	123.296	248.237	200.973
283	144.949	104.657	105.089	120.132	247.487	202.945
284	145.642	104.079	104.563	116.097	249.981	200.499
285	147.341	104.368	104.829	112.387	250.274	200.263
286	148.025	103.261	107.036	107.235	251.325	200.348
287	148.129	103.544	107.312	109.786	250.62	200.939
288	148.79	103.027	106.99	113.467	252.879	200.02
289	149.72	103.593	107.622	128.265	253.22	198.91
290	151.641	103.843	107.255	133.617	253.104	200.002
291	151.523	104.816	108.281	140.39	254.51	201.531
292	152.14	105.196	111.896	151.056	255.458	201.164
293	152.32	105.456	113.06	156.614	255.446	203.59
294	151.758	105.576	113.545	159.192	254.26	205.157
295	151.347	105.509	113.351	157.826	255.371	205.449
296	152.459	106.106	111.553	156.281	254.883	202.989
297	153.492	106.887	110.165	167.311	254.5	203.563
298	153.997	107.894	109.286	176.925	255.631	203.706
299	154.484	106.482	106.193	190.888	255.492	205.452
300	155.165	105.702	102.105	203.827	255.661	209.312
301	155.231	104.957	96.2164	216.14	256.944	206.786
302	156.11	104.213	92.1375	218.403	257.782	204.684
303	156.156	103.713	93.8375	209.767	261.36	202.127
304	155.487	103.206	97.6256	198.8	259.189	199.339
305	154.211	103.187	103.199	186.584	252.518	196.715
306	153.569	103.678	110.077	174.264	245.512	191.747
307	152.586	103.91	109.583	162.925	240.53	185.191
308	151.949	104.356	109.863	155.371	235.908	180.415
309	150.374	105.023	109.796	150.468	234.052	177.932
310	149.304	104.746	110.886	146.416	233.516	178.846
311	147.538	105.199	110.749	150.034	233.027	180.195
312	145.969	105.551	111.185	157.53	234.43	182.548
313	145.778	105.208	113.143	160.957	234.891	183.102
314	144.837	105.06	115.483	170.993	236.899	186.45
315	144.928	105.591	118.157	174.118	234.45	185.972
316	145.062	105.519	121.388	173.693	233.396	185.761
317	144.409	105.856	130.533	174.199	233.736	187.599
318	144.5	106.315	133.675	173.472	232.956	184.021
319	144.846	108.728	125.959	174.961	233.954	181.536
320	143.971	110.803	115.095	179.136	238.606	174.191
321	143.328	112.255	113.111	180.59	239.879	167.986
322	142.975	112.714	110.13	178.877	249.307	167.721
323	143.802	113.666	102.916	178.246	256.059	163.412
324	143.949	113.648	93.9101	177.457	254.337	157.393
325	145.732	112.945	79.9242	189.905	249.833	152.224
326	146.526	112.968	67.919	205.059	245.523	151.638
327	147.557	112.031	55.0964	213.985	240.594	146.237
328	148.242	112.468	46.7009	216.149	237.199	146.949
329	148.998	111.869	44.6561	214.948	237.571	147.375
330	148.628	112.175	54.4349	213.859	242.009	149.823
331	149.266	111.92	72.1307	198.696	251.452	155.608
332	149.004	111.665	91.344	181.788	263.994	160.245
333	147.755	112.799	106.177	183.29	276.782	164.223
334	146.18	113.379	119.392	187.346	288.213	166.962
335	145.537	112.985	130.215	185.376	298.205	166.69
336	145.121	113.815	131.255	185.541	299.487	169.463
337	145.018	113.732	127.045	187.01	294.005	168.53
338	144.191	115.636	119.86	188.409	281.584	174.338
339	143.761	116.316	107.867	189.647	264.457	179.974
340	143.816	116.258	95.75	181.71	241.95	176.309
341	144.539	116.033	80.7932	184.61	221.339	168.107
342	145.158	115.532	61.229	194.219	204.112	168.726
343	145.982	115.415	48.1215	194.291	199.609	177.681
344	147.491	115.254	49.8354	189.967	199.184	181.753
345	147.171	115.48	68.5375	197.644	202.192	180.917
346	146.3	115.702	93.119	178.71	214.63	178.556
347	145.668	116.846	106.003	188.442	232.094	185.472
348	145.748	117.542	119.478	190.809	245.909	190.978
349	145.305	117.84	127.688	191.53	250.825	193.04
350	145.519	117.494	128.818	193.8	244.92	197.877
351	144.998	117.322	127.088	197.16	234.573	212.963
352	144.804	117.664	122.213	201.901	228.641	229.487
353	145.097	118.17	118.26	205.527	226.639	239.277
354	144.75	118.202	116.808	207.339	221.432	246.045
355	145.027	118.631	115.275	207.128	222.127	246.355
356	145.494	119.27	115.365	208.817	220.905	245.702
357	146.691	121.25	118.655	210.629	218.792	246.465
358	146.681	122.3	124.487	214.026	220.552	246.596
359	146.989	122.277	121.483	216.075	219.608	249.555
360	146.997	122.463	124.484	217.38	218.104	248.758
361	147.041	122.922	129.453	215.941	216.778	250.032
362	146.687	121.287	132.247	211.027	216.77	249.758
363	146.489	121.134	133.072	202.028	214.785	248.219
364	146.493	120.105	126.128	192.624	214.41	247.322
365	145.486	119.685	118.614	190.467	213.724	246.412
366	144.639	118.186	112.297	189.817	214.205	243.965
367	143.745	117.971	110.713	188.962	214.534	243.374
368	143.082	117.449	109.094	189.276	215.377	243.596
369	143.236	116.53	108.65	186.026	214.207	242.179
370	143.41	115.912	107.946	184.805	212.827	242.259
371	143.473	115.459	107.097	184.35	212.281	240.701
372	143.7	116.583	105.926	180.508	212.949	241.439
373	143.983	118.113	104.637	182.678	214.901	240.702
374	144.093	119.227	110.195	183.808	214.645	241.255
375	145.305	120.906	121.272	188.097	213.736	242.383
376	146.56	120.098	121.984	189.916	215.779	245.657
377	146.866	119.993	108.867	183.1	213.585	246.905
378	146.504	117.97	100.587	168.969	212.775	249.779
379	146.918	116.075	99.7683	150.655	211.465	249.543
380	147.057	114.387	102.424	139.856	207.382	250.341
381	146.49	113.029	108.258	146.1	204.425	249.254
382	146.95	111.022	114.088	172.502	202.954	248.414
383	147.71	109.479	124.595	179.544	201.983	251.781
384	147.272	108.304	134.563	181.713	199.609	257.978
385	146.732	105.991	139.302	180.329	197.245	265.894
386	147.626	105.103	141.103	176.479	194.667	272.027
387	148.325	103.996	139.434	174.745	192.081	275.262
388	148.235	102.294	139.341	173.212	186.971	278.848
389	149.091	101.3	145.354	172.479	186.23	279.867
390	149.275	100.832	153.788	173.506	182.4	281.721
391	148.596	100.148	159.294	178.194	182.793	281.023
392	149.238	100.338	160.894	181.198	180.921	281.378
393	149.365	99.8796	162.878	180.192	181.608	279.782
394	149.985	100.012	166.13	178.292	182.712	281.036
395	150.663	99.4403	161.431	182.114	184.865	282.381
396	151.117	100.554	155.398	183.962	187.723	284.478
397	151.974	100.939	160.287	182.553	189.103	285.368
398	152.856	102.114	161.677	183.607	189.434	284.87
399	154.321	103.629	171.827	179.595	191.705	282.319
400	154.859	105.452	167.156	172.855	194.394	281.291
401	156.209	106.058	153.872	172.542	198.184	279.337
402	157.77	107.447	142.398	171.973	202.383	277.499
403	157.913	108.311	135.642	169.209	207.22	277.077
404	157.908	109.293	134.014	166.94	210.102	274.484
405	159.225	109.299	134.095	164.663	212.835	270.884
406	159.641	109.702	137.221	164.536	212.894	264.575
407	160.8	111.193	141.714	168.281	208.861	252.103
408	161.693	112.605	148.07	175.338	198.675	231.876
409	163.04	114.672	178.46	174.523	201.533	223.321
410	164.58	115.794	202.981	171.67	193.212	212.337
411	166.603	116.742	206.373	179.722	184.936	220.328
412	167.946	118.443	202.419	177.071	170.87	232.561
413	168.645	119.284	193.661	177.16	168.831	249.494
414	170.852	120.461	188.312	178.885	167.591	255.456
415	172.313	121.413	194.096	180.223	167.656	256.861
416	173.815	121.566	196.211	182.887	162.573	255.761
417	175.118	121.744	195.828	188.011	159.121	252.087
418	175.88	122.555	199.047	188.442	162.997	248.106
419	176.668	123.34	203.224	184.316	185.965	246.27
420	177.692	125.094	193.935	187.357	203.459	241.906
421	178.491	125.505	155.829	206.259	207.952	231.13
422	178.893	126.941	148.173	209.632	227.705	230.224
423	179.368	127.927	141.678	211.378	232.184	237.683
424	179.509	128.256	134.185	209.705	228.086	243.987
425	179.214	129.025	129.01	208.006	221.873	255.894
426	179.871	129.075	128.085	205.277	215.464	267.102
427	179.53	127.864	130.666	201.289	201.71	272.559
428	178.832	127.322	130.079	197.822	191.45	272.114
429	178.245	126.315	129.25	191.908	181.15	270.075
430	178.065	124.26	125.418	179.694	172.273	263.637
431	176.333	122.725	115.366	176.902	162.333	258.73
432	175.073	120.231	107.592	172.53	152.762	253.722
433	173.372	117.952	101.27	170.557	145.649	250.293
434	172.045	115.393	96.8776	169.092	141.999	249.73
435	170.345	112.373	94.1649	165.032	138.963	249.462
436	168.528	110.564	92.0592	163.762	136.073	249.608
437	166.335	109.153	90.7408	162.55	133.714	249.538
438	163.59	107.354	88.7504	162.539	130.959	249.416
439	161.098	106.783	86.8405	160.597	131.017	248.532
440	158.992	105.936	85.2736	158.203	130.917	248.722
441	157.106	104.878	83.6677	156.688	129.94	248.93
442	155.874	103.289	84.2079	154.75	129.427	250.364
443	154.088	103.364	84.3322	156.148	129.036	250.458
444	153.176	103.355	83.9916	151.959	129.683	250.402
445	153.188	103.331	84.6832	151.11	130.975	251.179
446	153.698	103.376	86.1883	148.832	131.786	250.409
447	154.061	103.772	87.0088	147.587	132.402	251.055
448	154.265	103.47	88.5442	141.94	133.484	250.106
449	154.815	103.8	90.525	137.7	135.182	250.422
450	156.053	102.944	91.7819	133.766	134.418	250.723
451	157.066	103.289	93.0262	133.15	132.982	250.552
452	157.588	103.86	95.766	129.905	135.304	250.583
453	158.342	103.488	99.0838	125.674	136.701	250.4
454	158.638	104.01	103.536	122.821	136.584	249.157
455	159.832	104.38	108.539	121.235	138.045	248.51
456	160.701	103.256	110.931	128.5	137.683	248.151
457	161.907	102.52	116.032	124.688	138.754	248.571
458	163.223	101.997	117.248	122.703	138.459	249.688
459	163.927	102.226	115.077	121.433	141.119	251.468
460	164.68	102.59	112.089	128.179	141.152	252.265
461	166.33	102.679	111.585	129.107	141.642	252.298
462	167.969	103.276	110.953	130.773	140.253	250.487
463	169.837	104.355	112.554	139.777	144.024	248.733
464	171.083	105.981	114.716	153.972	145.983	246.225
465	173.651	107.538	120.683	166.952	157.819	244.785
466	174.928	109.818	123.846	179.173	171.831	245.237
467	176.908	111.195	127.78	185.405	183.598	245.446
468	179.08	111.281	126.776	194.629	197.778	244.022
469	179.831	112.159	120.478	210.711	204.618	249.511
470	180.835	112.764	116.862	226.929	212.408	252.737
471	180.27	113.784	112.203	241.791	220.353	255.252
472	179.15	113.928	107.011	247.999	223.563	259.596
473	176.924	114.739	105.074	249.019	227.764	261.737
474	174.37	116.038	102.394	246.168	230.418	261.752
475	171.859	116.192	103.754	243.313	227.909	263.432
476	168.713	117.472	104.641	239.887	223.494	262.589
477	164.612	117.6	106.119	231.913	217.819	259.577
478	161.532	116.828	108.291	221.226	208.627	258.332
479	158.792	115.082	105.951	210.468	200.171	253.025
480	157.31	114.77	102.687	202.895	193.922	241.928
481	156.833	113.85	100.408	198.611	189.698	230.453
482	156.874	113.504	100.725	190.917	194.659	218.272
483	157.712	113.286	95.6829	187.197	199.251	207.9
484	157.317	112.595	96.5064	185.409	200.748	200.577
485	157.56	112.35	102.222	190.679	200.56	201.836
486	158.018	111.384	107.771	196.366	201.389	207.831
487	159.853	111.78	110.723	195.106	205.182	213.992
488	161.937	112.287	111.857	193.243	205.984	215.449
489	163.428	111.645	118.696	192.281	204.348	217.395
490	165.324	111.484	128.236	192.573	203.913	220.89
491	166.965	111.557	134.38	192.157	202.473	224.584
492	169.308	111.719	131.576	192.466	201.961	228.046
493	169.674	112.503	128.173	189.725	199.072	229.344
494	170.581	112.065	135.596	189.097	196.494	229.358
495	171.119	112.027	143.334	191.965	198.125	232.841
496	170.51	111.338	141.603	192.952	195.787	234.189
497	169.031	110.797	148.385	185.808	194.179	237.891
498	167.573	110.319	147.525	183.318	196.977	241
499	166.731	110.2	145.522	183.689	198.575	238.525
500	165.388	109.211	151.214	181.116	197.588	228.389
501	163.841	108.832	160.42	187.59	205.435	219.775
502	161.05	107.573	150.23	200.992	204.397	213.379
503	158.585	106.285	146.919	198.553	195.29	211.508
504	156.475	105.512	152.017	170.411	190.042	216.169
505	154.073	106.583	136.091	175.724	185.414	221.442
506	151.266	106.343	125.717	174.168	170.519	222.894
507	148.415	106.557	118.83	163.534	167.197	228.025
508	145.174	106.666	119.952	172.212	167.614	230.345
509	142.141	107.225	122.851	178.701	168.015	227.416
510	139.599	105.973	129.63	179.151	172.622	222.746
511	136.748	106.033	140.264	179.801	180.659	216.988
512	135.13	106.553	130.356	193.914	191.603	215.926
513	134.04	106.979	132.083	192.328	200.24	204.257
514	133.146	107.986	128.669	189.793	210.222	191.58
515	132.654	109.482	125.239	189.975	220.427	188.109
516	132.504	110.823	118.43	187.805	228.781	192.139
517	132.089	111.31	111.31	188.979	233.987	194.457
518	132.363	112.099	110.736	190.259	235.802	196.61
519	133.907	112.242	111.876	191.593	235.562	199.18
520	136.047	112.851	119.162	189.425	233.832	200.146
521	138.319	112.475	124.73	191.977	232.461	203.728
522	139.865	112.994	126.436	196.067	229.309	208.03
523	142.13	112.993	126.483	201.001	224.392	214.467
524	143.486	113.437	130.176	203.496	219.204	222.823
525	144.607	113.426	139.869	201.236	212.508	229.099
526	147.345	113.309	149.433	201.343	204.419	234.058
527	149.238	112.562	146.548	210.363	197.223	235.595
528	150.372	112.364	138.109	219.219	198.07	236.705
529	152.853	112.841	132.021	222.725	198.848	238.201
530	154.39	112.628	129.006	220.707	193.666	237.78
531	156.561	112.907	133.72	213.666	193.81	236.445
532	158.405	113.401	133.773	213.332	193.659	236.305
533	160.159	112.38	142.484	206.36	191.394	236.965
534	161.695	111.753	147.382	201.927	194.244	236.71
535	162.831	112.283	139.965	210.687	193.26	238.287
536	165.05	112.411	130.013	212.49	192.747	240.8
537	166.51	112.773	135.706	209.352	184.101	240.288
538	168.166	114.072	147.195	200.503	173.845	242.98
539	168.882	115.943	147.279	197.185	173.642	245.78
540	169.836	117.577	149.081	195.226	177.408	248.867
541	171.429	119.135	155.822	196.302	182.773	250.023
542	171.961	120.618	159.416	197.791	185.612	248.863
543	172.014	122.344	155.645	199.837	184.594	250.116
544	170.777	125.005	151.452	200.213	182.628	250.471
545	169.055	126.463	140.97	200.584	180.934	251.914
546	166.614	127.509	134.241	199.517	178.797	251.633
547	164.382	129.041	134.269	203.213	181.745	247.339
548	162.506	131.642	139.798	210.737	187.894	240.316
549	160.715	132.907	142.685	225.801	193.444	233.556
550	158.642	133.877	141.182	242.001	192.528	238.372
551	156.579	135.093	141.661	244.591	196.56	243.157
552	154.905	136.299	143.628	240.666	188.646	238.129
553	153.083	137.476	143.271	247.069	187.207	238.168
554	150.959	138.131	144.858	254.52	186.038	234.803
555	149.235	139.223	143.365	258.182	176.273	218.227
556	147.679	140.209	141.566	257.435	176.653	216.637
557	146.584	141.443	136.763	260.455	177.405	226.124
558	145.743	140.632	131.804	251.043	177.13	233.041
559	145.786	140.941	130.512	247.233	176.435	242.259
560	144.901	141.23	129.691	238.983	174.973	251.12
561	144.847	141.74	130.269	223.12	177.829	260.762
562	145.45	140.877	130.865	216.587	184.933	268.502
563	146.893	139.999	136.847	214.403	184.326	261.989
564	148.895	138.114	149.615	214.269	181.279	248.034
565	150.911	135.605	156.636	214.19	187.412	243.623
566	153.149	133.635	171.442	198.227	182.193	244.07
567	155.37	133.52	149.545	202.018	176.809	248.526
568	157.402	132.981	139.621	204.022	174.541	254.645
569	159.219	132.279	134.687	202.58	177.23	262.168
570	161.036	131.659	135.889	200.169	178.309	266.87
571	163.355	131.309	138.963	199.994	180.795	269.489
572	164.556	131.934	144.176	199.584	180.756	272.026
573	166.831	130.881	150.532	197.71	178.835	273.517
574	168.211	130.348	156.98	195.923	176.624	275.455
575	169.617	129.265	163.478	193.531	173.344	275.644
576	171.449	129.231	166.441	194.553	170.943	274.512
577	171.713	129.21	175.983	191.99	171.213	272.432
578	173.192	128.488	176.704	191.828	171.897	271.147
579	174.278	128.992	171.535	192.931	173.55	270.726
580	175.837	128.567	166.32	195.446	177.761	268.416
581	178.196	127.377	161.418	197.278	183.866	268.951
582	178.592	127.258	154.746	199.055	190.29	268.955
583	180.654	127.893	145.676	203.497	196.154	268.752
584	181.781	127.757	140.539	204.025	201.657	269.285
585	182.796	128.009	140.991	205.144	204.773	267.622
586	183.422	127.075	143.305	209.05	206.07	266.021
587	183.589	125.705	144.275	217.649	206.892	261.338
588	182.358	124.314	143.034	222.447	205.774	256.105
589	181.563	122.373	142.938	228.459	205.973	250.794
590	179.047	120.908	143.503	231.138	208.609	246.087
591	176.723	118.843	146.103	236.053	211.555	242.391
592	175.433	117.732	147.316	239.971	215.578	239.196
593	173.467	116.564	143.337	241.539	220.801	236.57
594	171.843	115.408	133.691	242.734	227.719	236.512
595	169.068	115.079	120.498	242.177	231.676	234.104
596	167.596	115.25	101.476	243.597	237.2	233.655
597	165.324	115.493	84.8499	244.535	240.8	234.655
598	164.08	117.083	76.8357	245.042	242.443	237.228
599	163.05	116.923	82.3525	244.763	236.931	246.29
600	162.601	118.134	103.872	238.031	226.676	250.217
601	161.997	119.116	118.778	229.84	216.056	254.603
602	160.854	119.994	123.533	223.386	206.025	259.511
603	160.118	121.228	129.801	221.32	199.017	259.913
604	160.43	121.672	132.517	223.413	194.804	261.201
605	160.253	122.662	132.064	224.814	194.384	260.917
606	159.634	123.691	131.063	223.684	190.918	261.095
607	160.172	123.68	128.051	224.598	191.651	260.897
608	159.895	124.251	132.362	226.018	186.861	260.69
609	160.764	124.403	136.652	225.476	180.407	260.148
610	161.353	124.465	139.152	227.273	176.295	260.51
611	161.384	124.085	136.137	227.523	175.868	259.923
612	161.864	123.449	134.778	225.305	185.184	260.889
613	162.32	123.378	125.507	227.272	197.968	261.319
614	162.036	123.394	131.237	230.995	206.298	262.96
615	162.092	124.06	126.226	237.985	216.645	262.128
616	162.746	124.318	114.449	242.936	228.102	257.753
617	162.712	124.622	105.012	244.945	236.551	252.416
618	161.787	125.395	97.4475	245.821	242.11	246.418
619	163.253	125.702	93.6612	247.129	246.905	243.727
620	163.51	126.081	94.0225	247.208	248.417	241.973
621	163.998	126.027	94.7322	247.279	247.656	242.563
622	164.505	125.587	96.205	247.565	245.687	242.552
623	164.2	125.889	97.212	246.695	245.659	243.463
624	164.883	126.313	97.184	246.279	247.113	244.72
625	164.409	127.811	96.8239	246.792	247.638	244.079
626	165.49	128.471	96.3194	246.361	246.003	242.944
627	164.942	128.922	96.2994	247.444	247.695	242.864
628	164.999	128.775	95.9078	246.361	247.1	243.669
629	165.585	128.871	97.3799	246.648	247.038	243.468
630	165.708	128.87	97.7901	246.772	247.061	243.184
631	165.68	127.684	96.387	247.911	245.605	242.832
632	165.828	126.913	96.8759	246.826	244.419	241.864
633	165.106	127.323	97.8901	247.538	243.617	243.142
634	165.178	126.939	96.6394	246.708	243.811	242.745
635	165.302	126.959	96.7887	246.307	245.059	242.138
636	165.004	128.058	96.3325	246.3	245.428	242.809
637	165.37	128.539	96.1275	246.089	244.704	243.089
638	165.815	129.489	96.7574	246.316	244.015	244.258
639	166.055	128.798	98.3825	246.089	240.961	243.985
640	166.032	129.035	101.569	243.926	237.596	241.977
641	165.395	129.356	107.208	238.191	233.667	239.247
642	165.48	129.229	115.695	228.604	226.325	238.216
643	165.757	128.566	125.436	220.442	214.422	237.928
644	166.096	128.687	132.435	216.681	201.426	235.413
645	165.718	127.965	134.274	219.977	193.957	234.809
646	166.583	126.98	128.761	230.323	200.276	238.086
647	167.729	126.068	129.909	232.456	194.775	226.513
648	167.534	124.952	129.006	228.943	196.869	219.786
649	167.728	124.575	130.59	210.091	194.71	214.186
650	167.942	124.626	120.851	191.151	193.842	212.819
651	168.011	123.501	113.934	177.275	192.412	214.09
652	168.126	122.896	117.874	174.822	191.69	216.034
653	168.386	122.464	120.152	180.98	190.769	219.555
654	168.712	122.729	121.5	180.56	186.196	221.554
655	168.106	122.758	124.333	178.314	179.441	224.599
656	168.068	123.401	123.947	191.337	180.348	221.895
657	169.117	123.197	112.759	219.084	187.007	218.804
658	169.91	122.688	121.748	219.683	183.762	209.504
659	169.349	123.064	124.146	224.844	185.581	200.589
660	169.597	123.052	135.149	212.918	196.324	206.494
661	169.47	122.758	130.167	205.173	200.85	203.055
662	170.059	122.797	115.925	206.505	212.533	208.621
663	169.74	122.649	105.621	204.664	223.415	209.712
664	170.556	122.546	97.294	208.155	231.761	211.136
665	170.502	122.893	91.8029	209.83	237.747	213.922
666	170.631	122.863	89.951	210.481	241.063	214.905
667	170.088	123.181	89.3452	209.574	242.718	215.088
668	169.889	123.518	89.6167	211.679	245.432	216.957
669	169.829	123.378	89.2615	210.818	246.079	216.935
670	169.644	123.086	90.5811	208.71	247.15	216.595
671	170.33	122.833	89.7234	210.668	246.663	217.714
672	170.484	123.644	90.3026	210.394	246.646	216.556
673	169.813	122.611	90.9271	210.517	247.639	214.899
674	170.368	122.582	91.0047	210.975	246.862	218.539
675	170.283	123.279	90.2077	211.76	247.099	217.885
676	169.829	123.159	90.296	208.889	247.33	215.89
677	170.469	123.415	89.6018	209.112	246.25	219.335
678	170.767	122.726	90.1785	207.252	245.414	217.648
679	170.672	122.128	92.5388	202.66	244.705	217.251
680	169.796	121.84	99.5196	193.379	242.52	216.676
681	169.325	122.58	106.268	184.246	238.417	220.941
682	168.529	122.477	113.813	169.44	235.783	223.349
683	168.118	122.314	113.457	169.338	231.18	229.986
684	167.221	121.367	113.544	166.684	229.845	236.946
685	166.567	121.358	112.877	168.139	226.988	238.356
686	165.942	120.491	112.909	170.28	228.218	235.303
687	165.908	119.889	112.466	171.645	228.713	227.042
688	167.038	118.687	110.579	178.515	236.605	220.991
689	167.355	118.04	106.576	181.795	242.663	213.383
690	167.328	117.529	95.7514	180.088	253.075	206.476
691	168.341	117.986	88.526	174.784	259.703	199.552
692	168.726	116.97	88.6862	172.442	261.996	193.743
693	168.642	115.966	85.2843	177.782	260.969	196.158
694	168.913	115.354	86.6926	199.443	257.659	206.407
695	169.31	116.206	87.5194	222.284	256.036	217.483
696	168.908	117.183	89.0624	229.501	250.602	228.692
697	168.542	118.262	92.3729	244.836	244.203	243.299
698	168.443	117.954	92.7638	255.296	242.255	255.106
699	168.328	119.387	96.3527	263.389	241.703	261.192
700	167.682	119.82	102.623	270.68	239.208	267.392
701	167.655	119.588	106.707	262.276	238.241	261.115
702	168.098	119.286	114.755	257.752	233.618	259.158
703	168.197	119.235	120.48	252.815	227.716	257.474
704	168.075	120.925	122.705	245.898	223.513	252.338
705	167.568	121.439	125.143	240.205	222.176	249.239
706	167.74	121.53	131.213	236.946	215.441	246.569
707	166.293	121.745	136.003	232.463	210.393	242.506
708	166.737	121.418	140.663	226.283	208.743	238.384
709	167.52	121.833	136.325	228.302	207.161	234.604
710	167.456	122.424	134.069	227.867	205.114	229.263
711	167.858	122.736	130.432	228.508	206.266	225.007
712	166.758	122.452	135.76	221.921	211.526	226.829
713	166.313	122.84	137.357	221.658	214.076	226.505
714	166.205	123.149	133.343	224.163	207.79	233.654
715	166.535	123.238	136.983	233.069	213.354	236.543
716	166.814	122.985	132.547	242.463	215.016	247.283
717	166.415	123.28	122.356	251.402	218.718	255.524
718	165.892	123.393	114.292	256.644	225.876	261.707
719	166.072	122.267	104.391	257.864	231.707	259.014
720	166.065	123.264	101.484	264.984	231.819	270.589
721	165.47	123.62	102.314	268.131	233.04	272.986
722	165.3	123.927	103.018	263.861	235.305	262.441
723	166.196	122.847	105.294	251.376	228.802	253.264
724	166.489	122.579	114.359	241.306	217.974	236.69
725	167.749	122.989	122.466	230.046	209.688	222.873
726	167.62	124.417	125.325	227.991	204.272	218.565
727	168.597	124.746	125.821	230.791	201.076	222.88
728	168.906	125.264	130.47	235.973	196.884	228.308
729	169.222	124.864	135.713	239.736	191.464	222.277
730	169.192	124.377	135.58	246.841	186.339	212.483
731	168.51	124.066	140.237	244.54	182.013	212.306
732	168.244	122.775	128.656	249.856	182.378	210.697
733	168.781	122.731	129.025	243.449	192.26	219.085
734	167.506	121.926	131.776	233.185	199.054	220.191
735	167.175	121.699	130.771	228.202	202.423	221.341
736	166.986	120.531	131.413	219.67	206.695	215.331
737	167.295	121.717	132.629	200.751	211.196	199.586
738	167.27	120.401	118.619	184.568	220.495	188.088
739	167.396	119.783	107.412	171.708	228.523	182.397
740	167.074	117.994	98.5565	168.664	226.915	177.743
741	167.253	116.835	104.578	166.791	220.415	180.531
742	166.619	116.846	113.788	169.39	212.445	187.045
743	166.572	115.476	116.182	173.431	203.248	188.383
744	166.813	115.084	120.733	177.22	201.413	185.306
745	166.6	114.738	121.178	175.566	207.095	181.647
746	167.208	113.95	121.358	170.133	211.38	169.652
747	167.237	113.492	123.683	160.785	216.211	161.291
748	166.536	112.787	123.83	161.189	219.144	153.08
749	165.874	113.36	124.06	161.448	220.259	148.078
750	165.194	113.344	124.013	163.74	222.174	148.792
751	165.014	113.126	125.358	166.679	225.04	149.514
752	164.997	112.613	127.315	163.368	228.605	145.385
753	164.126	112.146	122.132	159.592	234.023	145.057
754	162.86	112.731	116.947	149.208	242.044	143.515
755	162.247	111.936	109.243	137.857	253.198	142.492
756	161.883	112.106	88.4541	139.6	265.814	141.231
757	161.904	111.928	58.1056	136.258	278.678	141.049
758	162.536	110.886	36.7398	127.287	288.889	141.592
759	163.299	111.042	23.6138	127.267	294.996	141.772
760	164.395	111.438	17.4511	128.416	299.544	142.676
761	164.406	110.799	15.6812	123.056	302.077	141.274
762	164.728	111.958	19.5453	119.332	305.433	142.818
763	164.855	112.034	27.1817	118.058	307.414	143.412
764	164.631	111.93	34.9755	119.358	308.757	142.705
765	165.17	112.358	43.9988	119.807	311.255	142.777
766	165.618	112.758	52.9901	122.223	310.839	143.889
767	165.891	112.471	60.8023	119.826	310.722	143.237
768	165.606	113.563	64.1827	119.109	309.517	143.874
769	165.719	113.847	64.4685	120.889	306.461	145.498
770	165.793	114.35	66.7914	121.473	301.275	146
771	165.56	113.865	70.2856	127.407	292.538	153.484
772	165.063	114.721	75.2961	138.192	283.354	155.765
773	165.732	115.116	81.9348	151.197	271.39	161.645
774	165.254	115.34	87.3354	159.823	257.647	170.584
775	165.323	115.242	93.104	160.747	244.707	170.992
776	165.052	114.924	90.4197	166.82	242.863	170.753
777	165.22	114.414	86.0941	169.421	241.825	170.77
778	164.706	114.907	82.3776	168.065	242.439	167.896
779	165.277	114.24	77.3737	166.929	246.408	167.388
780	165.542	114.713	73.3983	165.459	248.948	165.186
781	165.106	114.365	69.8585	165.283	250.529	163.759
782	164.997	114.48	67.8442	166.738	251.717	163.179
783	165.268	115.039	67.2085	168.741	252.588	164.86
784	166.328	114.462	67.1384	170.598	252.412	165.582
785	166.174	113.936	67.4148	174.172	250.408	167.383
786	165.857	113.689	69.7414	172.26	247.251	172.427
787	166.327	114.229	70.1753	172.9	246.173	175.075
788	165.772	115.272	70.7684	175.667	244.718	176.993
789	165.672	115.448	73.8185	172.687	241.95	179.348
790	165.675	115.692	85.5127	171.433	236.367	178.078
791	166.248	117.044	94.7942	176.799	226.417	185.294
792	166.489	118.268	101.955	184.696	215.72	199.975
793	165.57	118.873	108.814	195.551	205.576	218.112
794	164.973	119.814	110.063	202.578	198.592	235.73
795	163.922	120.775	116.546	205.428	194.823	251.215
796	164.175	121.768	125.512	206.673	187.145	262.029
797	163.902	123.235	131.138	211.269	183.079	268.558
798	163.111	123.594	134.123	216.37	178.136	272.848
799	162.109	124.34	131.806	220.617	176.283	274.691
800	161.615	125.402	126.352	222.827	172.08	273.325
801	160.663	125.423	122.403	223.613	170.999	272.666
802	160.343	125.788	117.539	223.681	171.462	272.877
803	160.238	126.041	113.096	223.556	169.522	272.221
804	160.146	127.223	110.75	223.935	171.327	272.587
805	160.23	127.555	110.859	224.115	169.879	274.035
806	159.447	127.95	108.69	224.377	172.801	273.564
807	158.907	128.296	108.807	224.799	174.809	273.101
808	158.259	129.917	109.328	223.121	174.886	272.659
809	158.195	130.488	108.289	224.126	173.774	272.754
810	157.476	130.039	107.129	223.543	170.591	271.47
811	157.518	130.769	110.208	220.278	171.108	268.419
812	157.364	130.929	110.547	215.893	174.205	265.034
813	156.501	131.092	116.635	211.626	177.923	258.35
814	157.008	131.576	124.634	209.832	178.631	254.217
815	157.088	131.629	129.905	207.87	176.808	252.111
816	157.514	132.337	133.436	207.511	175.509	248.618
817	158.176	132.305	130.006	210.751	175.565	250.84
818	158.939	132.39	128.702	209.797	170.265	245.787
819	158.862	132.306	123.581	214.054	168.641	245.535
820	158.921	132.46	119.385	213.606	170.702	243.729
821	158.805	132.492	114.595	213.409	177.347	242.072
822	159.34	131.116	117.405	205.146	175.301	236.307
823	158.534	131.245	114.118	206.228	177.949	234.665
824	158.778	130.687	109.699	210.689	183.316	238.13
825	160.142	130.374	108.898	212.054	189.723	239.834
826	160.706	129.845	105.982	212.277	195.4	242.312
827	161.594	130.268	103.599	210.904	198.983	241.116
828	161.526	128.731	103.538	202.272	202.926	239.115
829	160.919	128.746	107.178	190.516	205.734	234.815
830	160.585	128.737	104.896	182.075	210.582	227.959
831	159.678	127.687	103.744	172.96	215.445	221.531
832	159.568	126.745	99.952	170.274	219.032	215.153
833	159.925	125.071	100.484	168.314	226.439	210.317
834	160.332	123.43	95.8121	177.874	236.185	211.885
835	160.137	122.061	89.0651	191.847	246.917	216.877
836	159.979	120.557	83.6476	210.589	253.197	220.302
837	160.795	118.865	73.3986	226.587	262.486	224.982
838	161.378	117.818	70.4499	236.197	268.162	226.184
839	161.935	117.363	68.1126	232.22	267.162	220.458
840	163.076	116.842	73.3685	222.322	263.181	213.997
841	163.954	116.644	79.8403	212.205	257.718	209.729
842	165.04	115.737	84.4553	204.415	251.485	206.003
843	164.654	115.11	89.3095	207.839	248.981	208.752
844	164.347	114.756	88.6655	212.481	245.273	208.477
845	164.304	115.421	89.1723	218.467	241.548	210.012
846	164.485	115.116	90.1526	217.532	239.836	208.906
847	165.154	115.314	94.0117	217.927	234.075	210.14
848	164.91	115.679	100.377	216.257	223.536	215.379
849	165.154	116.239	113.198	210.335	210.047	219.985
850	164.138	115.882	121.779	210.964	202.209	228.064
851	163.475	116.342	127.765	213.462	196.021	228.768
852	163.93	116.183	122.064	219.532	194.649	230.717
853	164.607	116.544	121.075	220.797	194.095	230.454
854	164.458	116.977	115.461	221.318	192.801	228.321
855	164.019	116.632	115.922	220.212	190.797	227.612
856	164.619	116.518	117.175	219.7	191.591	228.108
857	164.066	115.949	113.61	219.672	192.72	227.421
858	164.78	116.13	118.407	219.485	188.255	226.603
859	164.885	116.226	121.326	217.608	193.626	230.365
860	164.994	116.303	115.844	219.176	195.182	232.541
861	165.029	117.61	119.422	214.777	185.324	232.742
862	164.672	117.505	123.762	209.467	180.107	229.56
863	164.515	117.847	130.172	203.298	179.372	224.831
864	164.582	118.323	135.388	199.095	179.877	219.9
865	164.216	119.31	129.697	211.389	193.45	218.587
866	164.19	119.099	133.876	212.636	192.563	214.949
867	164.803	118.665	137.405	216.483	195.839	213.598
868	164.48	118.439	138.987	213.457	187.235	201.893
869	164.811	118.85	139.953	212.72	190.873	203.863
870	164.809	119.873	140.15	211.427	189.72	202.036
871	164.898	119.957	140.303	210.109	190.042	200.858
872	164.726	120.421	137.779	210.595	190.6	199.487
873	164.352	121.079	137.2	207.05	189.558	198.682
874	164.15	121.304	134.967	207.501	189.017	199.218
875	164.174	121.564	134.864	207.539	191.951	199.072
876	164.47	121.36	132.852	207.895	192.856	199.04
877	164.467	121.574	131.867	208.159	192.084	199.047
878	165.093	121.333	129.942	204.79	196.292	199.82
879	164.911	121.722	126.069	208.952	198.059	197.645
880	165.662	121.077	123.439	202.733	201.246	197.189
881	165.651	121.638	116.383	201.692	205.367	197.077
882	165.727	120.711	105.305	207.12	214.867	200.569
883	166.562	121.261	96.3504	208.372	223.831	205.482
884	166.635	120.514	88.0702	211.146	230.242	210.331
885	167.057	120.863	84.14	211.208	235.042	213.141
886	167.229	121.187	82.5471	210.505	236.72	216.038
887	168.369	121.362	80.9754	211.48	234.514	217.038
888	168.182	121.424	81.5171	209.991	231.466	215.199
889	167.311	121.844	83.9998	209.344	229.793	216.522
890	166.663	121.192	86.5256	208.545	224.243	216.196
891	166.664	121.868	92.8834	208.662	219.006	218.157
892	167.318	121.162	106.766	207.919	207.105	220.454
893	167.17	120.928	121.09	210.494	193.334	222.061
894	167.554	120.119	126.933	217.668	194.145	230.819
895	167.153	119.895	127.056	222.587	191.631	235.399
896	166.538	119.58	129.365	223.372	192.219	240.743
897	166.254	119.331	138.39	215.502	188.806	243.184
898	165.896	119.465	146.804	204.939	186.603	249.659
899	165.647	119.104	152.717	203.908	186.999	261.683
900	164.455	119.351	159.131	203.124	190.204	267.79
901	163.483	119.567	164.778	202.096	190.436	269.86
902	162.413	119.338	169.134	203.053	191.19	269.247
903	163.137	119.458	171.452	199.381	193.732	267.86
904	162.913	119.871	166.893	197.885	194.396	266.527
905	162.493	120.02	162.51	195.998	192.955	263.189
906	161.743	119.572	155.72	195.07	197.835	259.857
907	161.416	119.099	149.697	194.077	197.38	255.812
908	161.496	119.706	145.014	193.225	198.718	252.566
909	162.237	119.422	140.993	193.256	203.386	248.517
910	161.293	119.706	137.518	191.909	200.887	244.017
911	161.111	119.413	134.964	192.6	203.737	242.177
912	160.514	120.598	138.364	194.32	202.068	239.682
913	161.347	119.98	135.602	199.058	204.703	236.163
914	162.38	119.094	132.503	201.517	208.532	228.692
915	163.482	118.377	128.2	206.26	212.746	225.925
916	164.115	118.479	126.632	211.399	216.566	225.195
917	164.683	117.615	123.157	220.663	218.01	229.499
918	165.09	116.932	119.049	234.338	221.691	241.911
919	165.469	116.336	115.377	240.458	223.962	248.671
920	165.966	115.868	113.037	242.416	225.667	251.688
921	166.283	115.51	116.229	243.031	223.034	253.54
922	166.67	114.173	119.301	240.969	220.7	253.915
923	167.761	114.389	123.792	239.772	220.732	253.432
924	168.343	115.472	125.169	232.596	217.691	254.735
925	168.078	115.052	130.076	225.676	216.671	255.754
926	168.114	114.673	132.92	213.034	213.828	257.746
927	168.189	113.546	125.973	197.804	210.414	258.605
928	167.611	114.022	124.009	187.348	208.855	258.188
929	167.084	114.663	124.676	174.081	205.253	256.667
930	167.515	114.913	124.863	164.933	201.345	257.141
931	166.972	114.385	125.914	153.456	197.417	256.571
932	166.747	113.54	126.346	146.49	196.866	256.601
933	166.344	113.674	125.641	151.22	196.555	255.088
934	166.211	113.003	124.435	155.935	200.126	251.412
935	166.338	113.907	125.2	155.506	204.865	246.085
936	167.609	113.934	122.155	164.68	211.409	235.665
937	168.672	114.103	123.529	175.576	218.862	226.926
938	169.817	112.705	134.865	184.868	221.73	220.22
939	170.704	112.33	145.139	195.573	223.109	218.639
940	171.827	111.667	140.941	207.133	227.662	220.955
941	172.681	111.975	147.462	214.438	229.049	224.522
942	173.041	111.865	142.682	213.16	233.186	227.155
943	173.484	111.446	145.7	205.898	230.354	221.944
944	172.83	112.119	145.444	202.238	232.088	217.564
945	173.028	112.285	143.066	204.816	230.791	217.127
946	173.068	111.779	144.967	208.43	230.284	219.181
947	173.209	111.427	156.489	214.839	231.802	220.61
948	174.671	111.925	155.036	216.34	231.667	228.06
949	174.815	112.167	150.246	215.114	232.811	230.891
950	175.157	112.509	143.397	213.109	241.83	225.299
951	175.245	112.106	130.216	214.707	249.006	226.618
952	176.151	112.828	113.815	220.806	262.658	228.889
953	176.708	112.669	101.137	223.725	271.685	228.487
954	177.399	112.652	92.6328	224.986	272.642	222.706
955	178.315	112.697	96.4323	211.138	268.367	213.387
956	177.52	113.152	103.79	196.543	262.595	205.139
957	176.59	113.508	111.398	184.154	257.664	198.732
958	176.566	114.559	120.516	170.46	253.199	199.07
959	176.341	115.276	126.02	162.108	251.558	199.28
960	176.105	115.493	129.209	164.797	249.885	200.393
961	175.595	115.381	129.857	171.778	249.768	200.997
962	175.777	115.123	131.777	180.27	251.619	202.714
963	174.691	114.929	130.982	187.928	251.079	202.248
964	174.974	114.302	128.215	193.781	251.137	201.792
965	174.56	113.731	129.37	191.639	253.126	204.625
966	175.792	113.524	125.482	192.038	250.625	202.039
967	175.795	113.046	118.055	198.333	252.17	204.327
968	175.734	112.333	113.346	202.242	256.31	209.434
969	176.145	112.925	109.548	207.251	255.817	210.052
970	177.205	113.171	106.042	211.529	257.117	212.037
971	176.922	113.731	104.616	214.055	257.655	214.401
972	176.708	113.881	105.612	213.219	254.483	211.667
973	176.724	114.515	108.489	212.238	250.064	212.186
974	175.497	114.654	109.65	209.382	246.215	212.887
975	175.783	114.675	109.521	206.42	240.035	216.965
976	175.189	115.837	112.435	204.884	239.012	227.232
977	174.628	116.011	118.771	202.902	237.805	238.272
978	174.321	117.175	122.517	205.888	238.679	251.718
979	173.542	119.846	131.091	209.961	237.296	263.831
980	173.026	121.834	139.824	216.86	236.861	273.089
981	172.216	123.391	146.822	225.61	233.161	280.459
982	171.684	125.175	151.58	235.124	230.707	286.105
983	170.383	126.389	154.093	243.733	228.207	290.854
984	169.854	126.876	152.843	249.855	226.732	290.642
985	169.499	127.092	152.864	252.778	225.923	290.625
986	169.082	127.29	149.13	249.463	226.869	288.339
987	169.734	127	149.218	241.634	227.08	288.102
988	169.923	127.775	144.629	229.519	227.898	286.436
989	170.464	128.358	139.439	217.608	228.395	286.48
990	170.165	128.426	133.762	213.211	228.482	285.257
991	169.459	129.603	135.719	207.829	229.005	283.371
992	170.331	129.497	137.857	207.028	229.207	282.023
993	170.305	129.121	134.152	208.221	231.378	281.064
994	170.351	129.266	126.755	212.792	229.86	279.473
995	169.845	128.415	121.825	217.062	232.103	277.489
996	170.352	127.631	122.752	216.719	235.102	273.757
997	170.397	127.034	121.329	209.85	235.277	274.283
998	170.616	127.733	119.675	197.393	235.121	272.958
999	170.208	127.361	120.372	185.132	235.156	273.797
1000	170.018	127.402	120.039	178.031	236.169	273.12
1001	169.227	127.222	120.594	173.368	237.233	272.655
1002	168.517	127.241	120.73	170.284	238.519	269.467
1003	167.899	126.714	120.422	172.24	241.169	264.75
1004	168.624	125.623	119.053	173.73	243.488	261.725
1005	169.196	126.019	121.85	178.407	245.593	257.134
1006	170.032	125.372	126.292	189.736	246.456	255.397
1007	170.217	125.144	138.183	204.007	244.018	254.3
1008	170.492	124.468	147.679	217.584	238.519	255.798
1009	170.856	125.216	159.138	227.787	232.876	257.767
1010	171.735	125.1	168.248	236.477	228.852	260.977
1011	171.818	124.815	168.424	239.91	226.721	266.848
1012	171.861	125.888	163.48	239.51	222.893	268.807
1013	172.89	127.734	163.186	241.17	220.03	261.653
1014	173.39	128.033	159.128	240.997	215.463	255.703
1015	173.417	128.953	149.093	240.861	207.105	241.499
1016	172.79	130.545	144.115	238.376	200.254	239.917
1017	173.155	132.278	131.745	237.442	183.214	233.566
1018	172.663	133.569	118.822	243.945	174.875	231.592
1019	173.253	136.708	92.642	244.901	162.079	233.762
1020	173.135	138.061	66.576	256.266	145.392	236.51
1021	172.241	139.941	47.5023	264.958	141.737	242.336
1022	171.061	142.324	36.7101	271.661	138.184	245.731
1023	169.714	145.356	36.0959	270.875	138.17	245.925
1024	168.43	146.985	42.7287	266.481	138.404	246.789
1025	166.859	147.548	58.8016	253.093	140.742	246.705
1026	165.562	147.524	78.3054	229.205	142.471	247.987
1027	163.169	148.315	89.4536	204.579	154.567	242.889
1028	160.764	146.358	95.486	189.852	171.129	237.89
1029	159.068	145.334	96.3463	186.421	186.965	233.992
1030	157.726	143.177	100.106	185.657	204.595	231.913
1031	156.977	140.01	96.0399	195.979	225.29	232.217
1032	156.814	135.343	82.951	213.968	243.999	235.245
1033	158.054	131.793	78.6716	229.346	254.831	234.791
1034	158.662	129.273	80.6888	217.607	255.51	221.874
1035	158.923	126.278	88.8619	199.957	249.087	208.885
1036	159.051	122.939	98.4077	185.75	242.468	206.134
1037	159.381	121.641	101.93	178.167	228.267	203.859
1038	159.281	119.969	109.684	169.719	219.514	209.61
1039	159.477	118.908	111.5	167.542	214.293	216.87
1040	159.122	117.722	112.75	167.329	212.185	223.576
1041	159.597	117.63	110.811	172.209	213.619	227.476
1042	160.425	117.481	109.913	176.508	218.112	230.307
1043	161.667	116.974	106.655	185.766	224.3	232.827
1044	162.333	116.424	100.357	204.957	231.226	233.757
1045	162.217	116.325	95.019	224.381	237.921	239.425
1046	163.216	116.623	87.6178	244.733	240.589	244.821
1047	163.262	116.768	80.6521	259.708	245.243	253.686
1048	164.435	116.437	76.2846	274.124	243.639	264.134
1049	164.99	116.714	74.3433	283.671	245.437	273.371
1050	165.223	116.608	74.1503	289.537	246.413	278.632
1051	164.527	116.991	74.5514	288.26	245.242	279.58
1052	164.9	117.248	76.2326	286.521	242.319	279.837
1053	164.854	117.523	77.0967	282.2	242.344	278.141
1054	165.169	116.871	76.7186	282.622	242.868	277.548
1055	165.049	117.914	80.6535	277.829	242.716	276.786
1056	164.991	118.477	84.9999	264.017	240.228	276.699
1057	164.54	119.394	95.2305	245.95	237.616	274.758
1058	164.655	120.138	102.134	227.38	233.477	272.953
1059	163.162	120.135	110.315	218.01	227.668	272.366
1060	163.043	120.358	113.067	207.924	220.553	270.512
1061	162.112	121.327	115.757	199.854	215.631	271.921
1062	162.326	122.007	119.742	195.833	208.988	273.686
1063	162.971	121.823	129.236	195.437	207.913	273.095
1064	163.298	122.798	141.853	210.1	189.869	271.695
1065	163.541	122.745	132.269	236.1	191.584	253.288
1066	163.53	121.983	141.816	244.432	192.432	248.145
1067	163.751	120.939	136.896	242.185	189.412	254.785
1068	163.343	120.658	132.202	241.882	191.85	249.096
1069	163.193	120.073	129.679	240.364	184.204	249.473
1070	164.187	120.931	134.621	239.912	188.807	248.434
1071	164.848	121.202	129.094	239.701	197.753	253.806
1072	165.042	121.276	121.046	235.518	206.2	252.966
1073	165.22	121.235	107.371	240.042	216.376	251.506
1074	166.401	121.08	97.116	246.363	221.032	250.569
1075	166.052	121.058	88.96	255.306	226.253	255.492
1076	166.481	120.438	84.852	265.228	230.614	261.168
1077	165.262	120.634	83.7288	269.493	232.808	265.764
1078	164.42	120.26	92.1878	257	232.482	267.972
1079	164.803	121.673	101.808	235.474	230.919	267.619
1080	164.004	122.832	107.801	213.826	228.866	268.483
1081	164.009	124.499	113.779	195.273	226.388	270.056
1082	163.265	125.537	112.987	180.639	223.13	271.476
1083	162.026	126.311	112.969	173.095	223.3	272.645
1084	161.057	127.099	111.24	171.194	224.635	273.224
1085	160.435	128.144	110.299	172.512	224.284	273.377
1086	160.522	128.835	110.763	173.894	223.703	273.475
1087	159.785	128.941	112.566	172.652	224.462	271.895
1088	159.365	129.801	113.465	172.348	224.237	271.355
1089	159.822	128.289	114.301	182.05	225.64	268.272
1090	160.213	127.546	115.404	193.518	225.15	262.12
1091	160.59	127.564	113.858	209.402	225.773	254.569
1092	160.848	127.478	106.07	229.771	225.117	247.002
1093	161.645	127.98	96.19	253.964	222.49	246.245
1094	162.298	128.08	91.678	267.396	219.902	246.485
1095	163.118	129.227	92.4033	267.651	216.633	250.086
1096	162.706	129.842	99.4407	256.345	213.291	253.178
1097	163.372	129.605	101.534	228.428	212.704	256.197
1098	162.868	129.07	102.815	199.376	212.886	259.105
1099	162.341	129.62	105.801	175.406	211.556	263.421
1100	161.127	128.533	110.104	153.116	209.703	268.504
1101	159.521	127.511	116.234	135.761	206.255	272.707
1102	159.172	125.944	117.687	135.477	204.574	273.956
1103	158.575	124.596	118.788	133.226	202.261	274.924
1104	157.826	123.007	120.356	128.504	200.533	273.203
1105	158.344	122.54	119.716	129.368	199.783	271.636
1106	157.795	121.354	119.561	132.079	200.266	270.654
1107	157	119.972	118.43	134.905	201.505	267.834
1108	156.704	118.683	117.561	134.885	199.003	267.276
1109	157.287	118.318	118.315	140.042	189.397	258.377
1110	157.187	117.415	116.955	152.745	182.067	242.355
1111	157.657	118.31	117.798	166.568	183.193	227.012
1112	157.9	118.241	122.666	182.717	181.249	216.003
1113	157.86	118.267	125.146	198.293	183.075	209.56
1114	158.067	118.804	128.51	211.311	190.045	209.506
1115	158.663	119.154	130.751	223.525	191.397	207.47
1116	158.599	119.31	130.725	231.831	195.763	210.677
1117	158.486	119.737	128.01	230.907	199.755	223.646
1118	158.205	120.59	129.978	228.807	199.875	238.847
1119	157.989	122.213	128.264	225.73	200.867	250.756
1120	157.26	123.016	128.823	225.467	199.696	258.825
1121	157.743	124.854	128.193	222.839	198.504	262.519
1122	157.694	126.011	129.259	220.716	198.758	263.884
1123	157.114	126.736	127.496	218.791	196.306	265.38
1124	156.078	128.035	127.017	215.527	195.092	268.176
1125	156.807	130.198	126.979	213.294	194.541	268.059
1126	156.868	131.555	125.622	212.339	195.234	270.057
1127	156.573	132.833	124.926	209.891	195.36	268.767
1128	156.201	134.7	122.661	210.121	196.531	267.273
1129	157.007	135.346	118.336	210.523	198.192	266.605
1130	156.385	135.972	117.503	209.073	199.604	264.199
1131	156.756	137.122	116.351	207.845	202.119	262.96
1132	156.492	137.37	115.147	206.459	205.24	262.182
1133	157.377	137.5	115.058	205.994	208.635	260.392
1134	157.817	138.504	113.212	203.82	212.978	257.181
1135	157.546	137.553	112.455	205.07	216.915	255.211
1136	156.856	136.864	110.485	201.788	219.548	252.904
1137	156.616	136.336	108.981	199.144	222.392	250.121
1138	156.725	137.627	108.322	198.055	224.879	249.086
1139	157.256	138.065	105.665	198.439	225.213	248.661
1140	157.846	136.875	105.183	197.58	226.288	247.089
1141	157.432	136.458	104.986	197.695	226.827	246.748
1142	158.473	136.175	105.289	198.753	227.151	248.28
1143	158.068	136.774	108.079	203.779	226.198	249.622
1144	159.506	136.053	112.972	211.187	223.352	254.29
1145	159.796	136.024	119.794	222.194	219.728	262.113
1146	160.268	136.141	124.245	240.713	212.979	272.782
1147	161.051	134.947	124.85	251.756	208.57	281.732
1148	161.712	134.434	128.839	254.782	204.885	281.173
1149	162.046	133.718	126.842	247.167	204.92	281.042
1150	163.099	133.517	123.784	237.967	202.403	278.347
1151	163.183	133.171	121.418	229.161	202.161	275.057
1152	163.247	131.791	117.903	226.048	202.225	268.431
1153	163.332	131.27	120.497	223.344	198.938	258.669
1154	164.075	130.63	124.185	222.842	197.128	247.956
1155	164.449	129.468	129.888	217.755	195.817	240.587
1156	165.204	127.738	127.667	208.189	199.679	238.217
1157	166.341	126.138	126.366	205.042	198.184	233.622
1158	166.974	124.11	130.857	198.658	192.493	229.787
1159	167.566	121.5	130.428	196.647	196.131	225.035
1160	167.892	120.362	131.606	195.118	197.777	221.713
1161	169.984	118.14	133.495	195.948	201.468	213.876
1162	170.074	117.123	136.83	199.838	206.678	208.835
1163	171.044	115.781	138.342	208.087	210.66	199.269
1164	171.302	114.703	140.85	218.673	211.712	198.267
1165	171.769	114.231	140.477	227.97	208.077	202.029
1166	172.076	113.478	140.715	231.791	202.077	212.096
1167	172.489	112.586	139.388	227.145	200.079	219.062
1168	172.06	112.101	136.559	217.067	201.44	218.623
1169	172.144	111.464	131.817	205.271	203.199	215.842
1170	171.375	111.162	129.985	197.006	202.395	214.399
1171	170.991	111.543	127.063	187.502	199.618	214.829
1172	170.841	112.063	120.986	177.137	198.167	216.558
1173	170.027	112.315	117.142	165.352	194.133	219.336
1174	168.768	112.792	115.587	156.332	194.377	221.636
1175	168.368	113.43	114.43	157.083	194.091	224.852
1176	168.293	114.518	116.465	160.903	194.127	226.998
1177	168.062	115.933	120.44	172.58	194.623	228.309
1178	168.048	117.994	122.387	189.372	197.653	233.301
1179	168.665	118.783	119.42	206.532	205.86	236.243
1180	168.938	119.794	119.032	216.186	211.12	239.743
1181	169.814	120.181	111.39	224.215	218.525	237.263
1182	170.405	119.96	102.924	231.156	225.785	240.164
1183	171.542	120.173	92.5655	241.319	237.367	241.546
1184	171.281	120.465	82.1546	244.811	242.463	238.117
1185	171.379	119.425	77.642	246.474	244.782	233.859
1186	171.831	118.877	75.1045	246.122	243.594	232.889
1187	171.436	118.375	75.4168	248.364	238.675	238.371
1188	171.172	117.147	77.9984	253.863	230.674	251.846
1189	170.311	116.738	74.4997	262.472	229.677	265
1190	169.972	116.125	81.8046	262.324	223.301	270.698
1191	170.456	114.78	89.7259	250.459	217.33	266.198
1192	170.396	114.343	95.3964	232.161	214.161	260.193
1193	169.683	112.715	99.2352	213.369	213.12	254.48
1194	168.946	112.678	102.178	195.843	213.093	250.283
1195	167.582	112.78	101.84	177.205	213.015	247.875
1196	166.763	112.663	97.8952	159.059	207.978	246.39
1197	165.665	111.398	94.934	135.716	206.122	246.765
1198	165.779	110.172	81.5043	127.1	199.069	247.079
1199	166.662	108.855	78.1365	120.861	195.934	246.924
1200	166.267	106.891	76.5328	110.337	192.31	246.043
1201	166.327	105.662	83.3664	90.8	187.532	246.727
1202	166.388	104.97	87.5342	96.5754	186.07	246.667
1203	166.012	103.72	97.5518	100.503	181.439	246.655
1204	166.08	102.909	102.181	103.41	180.335	244.506
1205	165.832	102.375	104.794	103.873	184.398	241.322
1206	166.781	101.953	107.068	108.791	187.007	236.919
1207	167.547	101.094	102.916	111.06	196.884	231.817
1208	166.85	101.352	98.0577	121.92	203.447	224.686
1209	166.894	101.534	91.3914	124.886	215.031	217.121
1210	168.323	100.456	83.9287	128.338	224.633	212.915
1211	168.88	101.054	76.8882	123.075	231.177	211.281
1212	169.348	101.964	78.4063	123.327	231.9	208.063
1213	170.04	101.874	85.969	121.565	229.959	201.555
1214	170.695	102.595	94.1746	122.585	231.068	191.954
1215	171.337	102.062	97.9009	122.882	230.41	176.605
1216	172.18	101.448	99.1043	122.986	232.606	169.455
1217	172.65	102.496	98.9012	120.584	234.566	165.249
1218	173.359	103.207	98.8711	116.694	233.397	165.299
1219	172.963	103.022	98.3991	112.885	228.116	169.218
1220	174.138	103.252	99.74	104.77	219.118	178.036
1221	173.569	104.314	101.572	99.9601	211.279	187.908
1222	174.202	104.05	103.173	95.7399	207.557	195.231
1223	173.953	103.951	104.737	94.8795	206.08	197.18
1224	173.728	103.868	103.973	97.4224	207.949	197.187
1225	173.954	104.275	103.867	100.304	207.975	192.905
1226	173.339	104.724	102.199	106.171	210.595	187.418
1227	173.541	105.706	99.1189	110.67	216.312	179.147
1228	173.424	105.229	95.4739	118.357	223.629	170.329
1229	173.91	106.191	91.2508	126.181	229.743	160.563
1230	174.772	105.403	84.6833	132.339	238.758	151.721
1231	174.537	105.227	77.9876	134.973	242.62	143.486
1232	174.432	105.857	73.7507	138.418	243.938	141.551
1233	174.365	105.993	70.1032	140.562	240.427	143.356
1234	173.561	106.456	69.7953	140.632	235.392	147.24
1235	172.591	107.019	69.4409	139.347	233.321	152.271
1236	172.883	107.098	70.9017	139.534	233.725	154.445
1237	172.093	107.613	71.8679	139.482	234.611	156.826
1238	172.161	107.649	72.7201	138.285	234.818	156.659
1239	171.452	107.145	76.6218	136.184	232.284	155.726
1240	171.194	106.799	80.5392	137.925	230.143	156.737
1241	170.766	106.95	88.1153	136.288	228.155	158.939
1242	169.774	107.142	93.6173	142.765	224.733	160.325
1243	169.315	107.145	98.7535	145.317	221.528	165.121
1244	170.221	107.009	106.304	148.691	215.115	168.514
1245	170.317	106.813	109.665	153.233	209.078	170.853
1246	170.311	107.966	111.999	156.388	206.349	173.772
1247	169.737	109.511	114.823	159.267	203.36	174.994
1248	169.063	109.363	112.428	161.548	202.939	174
1249	167.895	109.57	113.967	162.689	203.601	173.621
1250	167.402	109.856	113.561	161.122	207.668	174.478
1251	167.337	109.864	113.577	155.565	210.242	173.842
1252	167.608	109.192	110.835	150.892	214.31	173.249
1253	168.148	107.884	98.2022	153.387	217.212	172.207
1254	168.841	107.706	90.513	155.053	221.391	172.065
1255	168.97	107.93	86.0142	157.734	220.853	172.915
1256	169.162	108.812	84.935	155.701	218.393	172.84
1257	169.637	109.138	85.2222	152.009	219.745	172.174
1258	169.918	108.764	78.556	151.598	220.169	168.3
1259	169.321	108.386	79.1867	144.636	220.496	161.925
1260	168.818	108.472	78.3526	138.304	223.046	151.658
1261	169.592	107.352	76.5001	132.964	225.498	137.888
1262	169.101	106.615	75.6056	129.111	230.776	123.368
1263	168.092	106.602	74.9437	121.752	231.997	108.195
1264	168.657	104.881	79.1978	111.504	232.161	97.8393
1265	168.353	104.719	82.8139	106.426	227.977	92.1522
1266	167.889	103.011	89.08	97.9615	221.983	88.5652
1267	168.019	102.053	95.1605	93.1364	215.814	85.6286
1268	168.5	100.767	100.88	91.6065	210.713	84.5385
1269	168.386	100.015	105.296	89.2027	208.497	82.0349
1270	168.442	99.3908	108.518	94.3938	207.336	81.8644
1271	168.608	98.8006	113.318	112.16	207.522	78.4778
1272	167.427	98.1942	118.282	132.904	207.514	73.5394
1273	167.606	97.5717	123.963	147.229	207.432	71.0865
1274	167.345	98.0621	125.348	154.387	207.375	70.622
1275	167.044	97.3303	125.498	154.828	207.684	72.1571
1276	167.432	97.2767	124.621	153.314	207.879	77.5027
1277	167.385	98.1679	124.238	150.694	208.994	80.4091
1278	167.555	98.4878	124.272	156.951	211.42	91.4728
1279	167.576	99.1385	120.235	158.521	212.69	108.33
1280	167.126	100.799	117.692	164.845	215.903	134.293
1281	166.833	101.492	115.822	165.493	218.014	154.411
1282	167.478	103.313	117.338	162.441	215.04	168.259
1283	167.403	105.378	118.212	171.11	205.676	174.869
1284	167.841	106.795	116.159	177.962	202.268	183.539
1285	168.736	107.841	118.875	185.171	205.951	189.841
1286	169.278	107.974	125.139	186.384	205.282	193.491
1287	170.231	109.282	131.13	183.754	206.14	197.9
1288	170.686	110.268	119.77	191.437	213.248	209.474
1289	171.428	110.577	130.031	190.434	212.947	207.641
1290	171.66	112.136	131.034	199.121	214.596	206.349
1291	172.34	113.342	130.313	202.685	221.778	209.404
1292	172.816	113.716	138.684	207.953	222.522	215.219
1293	172.879	114.501	136.346	211.763	225.754	222.772
1294	172.763	114.96	137.675	217.823	223.288	228.544
1295	172.97	114.645	129.69	231.445	223.544	236.677
1296	173.051	114.188	93.9999	260.591	223.587	235.221
1297	172.937	115.329	86.4765	256.838	217.614	236.268
1298	172.626	116.072	84.7061	256.663	214.816	241.473
1299	173.608	116.227	84.2979	256.491	200.945	245.397
1300	174.282	116.303	83.439	258.187	181.721	244.228
1301	175.12	117.548	82.6733	260.439	170.971	244.984
1302	176.468	118.155	83.3579	265.749	207.584	248.373
1303	177.778	119.663	92.2726	254.642	250.272	246.878
1304	178.366	120.828	83.5378	241.899	252.182	247.744
1305	178.349	121.636	82.1319	242.758	252.635	248.64
1306	179.715	122.264	82.9716	239.36	250.179	248.821
1307	180.133	122.279	85.9585	229.832	245.613	249.023
1308	180.263	123.666	93.1579	216.901	243.501	248.622
1309	178.947	124.104	104.469	196.642	241.086	247.042
1310	178.21	123.809	114.679	181.455	239.872	245.18
1311	177.079	123.754	119.6	174.018	239.367	241.406
1312	175.806	123.441	124.783	167.233	238.57	236.261
1313	175.474	124.072	125.714	167.266	239.507	231.643
1314	175.441	123.624	127.288	167.391	240.645	228.4
1315	175.94	123.616	130.873	165.593	241.373	227.768
1316	175.862	123.658	130.191	170.016	241.795	224.872
1317	175.945	123.285	131.708	173.276	242.588	224.363
1318	176.012	123.713	134.364	182.68	241.852	223.54
1319	176.911	124.396	142.546	191.457	242.023	222.055
1320	178.497	125.662	159.932	196.342	241.87	223.233
1321	179.445	126.183	171.372	206.501	241.664	224.373
1322	181.08	127.136	170.316	216.892	238.042	225.928
1323	181.387	127.486	170.778	222.3	243.406	227.603
1324	183.1	127.103	175.342	227.507	244.799	228.998
1325	185.067	128.149	181.593	228.723	248.397	230.083
1326	186.097	128.249	184.182	231.071	249.502	232.59
1327	186.885	129.58	183.906	232.905	251.333	229.043
1328	188.506	130.785	182.055	235.373	252.727	231.803
1329	189.881	131.482	180.584	241.065	247.357	234.163
1330	190.931	131.052	180.119	243.15	253.284	233.227
1331	191.885	131.176	180.975	247.422	255.513	233.966
1332	192.562	131.419	188.006	254.698	255.43	236.15
1333	192.732	132.225	186.557	258.701	257.021	235.308
1334	193.294	131.927	180.57	262.439	256.492	238.808
1335	193.98	133.116	175.636	264.045	256.998	239.2
1336	194.907	132.938	166.56	262.465	256.248	239.076
1337	195.676	133.586	154.497	261.685	256.937	240.032
1338	196.562	133.723	142.389	262.283	256.895	239.692
1339	197.049	134.766	128.643	262.861	256.385	242.021
1340	197.335	134.248	111.822	264.878	257.544	242.535
1341	197.584	134.724	94.5482	264.688	256.537	243.883
1342	197.953	135.513	83.8276	265.236	256.187	245.421
1343	197.751	135.846	77.7823	263.231	253.698	245.254
1344	196.872	136.098	79.505	259.439	251.98	243.941
1345	196.069	136.575	84.1436	253.531	248.858	243.072
1346	194.955	136.799	87.2022	249.943	246.39	242.341
1347	193.425	136.217	89.0246	240.671	243.285	240.392
1348	191.125	135.634	91.0698	235.247	241.606	238.154
1349	189.481	134.146	99.1646	226.158	240.085	237.739
1350	187.06	133.114	104.699	219.908	238.046	236.69
1351	184.434	131.765	111.333	217.958	236.319	235.354
1352	183.094	130.098	114.084	218.102	234.609	235.113
1353	181.324	129.298	119.966	216.125	232.729	234.534
1354	179.31	129.679	124.799	216.317	231.221	233.479
1355	177.084	128.834	128.305	215.858	228.796	234.14
1356	174.893	127.561	135.043	214.194	228.697	233.662
1357	172.94	126.901	137.911	212.673	225.948	233.513
1358	171.126	128.167	149.882	209.194	225.463	233.775
1359	170.275	127.796	153.238	205.341	221.519	234.604
1360	169.957	127.532	148.696	205.155	217.329	239.306
1361	169.569	127.22	150.578	203.009	214.732	245.183
1362	168.48	127.397	153.355	201.636	212.892	249.21
1363	168.337	127.424	156.696	200.106	212.379	253.469
1364	167.622	127.565	158.743	199.925	217.974	250.628
1365	167.299	128.669	160.774	200.664	223.045	247.456
1366	166.386	128.666	168.215	201.732	227.327	245.204
1367	165.299	128.291	172.801	206.705	232.59	244.935
1368	164.813	126.836	176.943	211.256	232.834	244.478
1369	164.99	125.992	179.739	213.824	232.291	246.342
1370	165.621	126.244	174.147	218.702	232.965	246.412
1371	165.789	127.23	175.131	215.421	237.868	243.448
1372	167.145	127.389	170.019	214.625	238.643	239.48
1373	168.077	128.303	169.499	209.725	240.871	235.516
1374	167.86	128.426	170.397	208.738	241.159	235.707
1375	168.505	128.309	170.918	212.244	242.496	237.867
1376	168.178	128.281	171.211	218.023	244.669	243.803
1377	168.12	126.959	178.377	218.599	240.097	245.987
1378	167.88	127.341	180.611	220.382	236.058	247.105
1379	167.749	126.779	178.487	224.765	232.042	247.062
1380	167.834	126.26	181.467	228.156	228.773	245.664
1381	167.484	126.419	183.928	231.586	226.768	243.744
1382	167.408	126.298	173.889	242.491	224.888	241.534
1383	167.345	125.435	167.461	249.248	227.936	239.31
1384	168.109	125.117	171.168	252.428	228.328	239.178
1385	168.14	125.301	167.632	251.595	226.569	240.087
1386	168.75	124.611	170.049	249.503	226.978	243.862
1387	169.264	124.872	168.399	248.917	226.365	241.292
1388	169.659	124.771	165.69	243.449	224.448	234.394
1389	170.998	124.566	166.812	231.873	220.652	241.855
1390	171.826	124.941	173.886	214.369	224.778	242.679
1391	172.268	124.418	172.137	203.53	226.662	242.225
1392	171.99	124.64	172.527	204.804	226.578	245.441
1393	171.577	125.428	174.981	215.756	228.48	245.82
1394	171.472	125.314	177.84	225.779	227.39	249.468
1395	170.693	126.033	172.369	237.817	227.694	252.999
1396	170.174	125.704	168.327	243.42	230.264	251.989
1397	169.196	126.335	170.235	243.074	233.151	256.167
1398	168.521	125.996	167.626	246.456	237.099	257.56
1399	167.575	125.92	166.436	246.469	237.437	257.288
1400	166.911	124.932	164.746	247.265	239.149	256.696
1401	165.918	124.537	163.447	246.457	239.589	256.734
1402	165.996	124.921	166.794	243.257	240.48	256.531
1403	165.973	126.277	168.705	242.401	239.79	254.2
1404	166.319	126.261	174.081	241.027	239.922	254.304
1405	166.467	125.537	167.127	246.178	239.444	258.574
1406	166.846	126.329	168.328	246.554	238.708	256.079
1407	167.375	126.231	167.034	246.668	237.039	254.242
1408	167.501	126.641	168.205	241.71	236.546	255.383
1409	168.167	125.958	168.809	238.501	234.311	254.725
1410	168.607	125.245	175.289	230.922	232.626	254.718
1411	169.183	125.485	177.259	226.673	233.197	251.569
1412	169.876	125.948	175.131	223.859	234.144	247.196
1413	171.354	125.833	176.63	217.749	232.688	245.662
1414	171.827	125.92	179.596	209.773	236.208	243.057
1415	173.291	125.414	174.938	204.074	242.579	240.221
1416	174.515	125.502	167.228	199.604	248.735	234.452
1417	175.405	126.198	162.764	197.023	254.99	234.619
1418	175.625	126.868	162.161	199.088	256.944	231.772
1419	175.883	126.989	175.15	199.461	250.221	229.211
1420	175.597	125.847	176.4	215.531	240.395	229.2
1421	174.311	126.036	181.258	226.08	232.143	226.196
1422	174.599	125.26	181.527	224.247	237.883	228.262
1423	175.154	125	174.264	213.587	232.115	226.622
1424	177	125.571	169.58	196.902	231.238	231.361
1425	176.131	126.623	147.289	191.02	228.047	236.982
1426	175.907	126.904	136.17	173.367	226.08	244.8
1427	175.564	127.973	133.116	162.038	222.301	249.911
1428	174.3	127.59	129.013	168.389	216.795	254.295
1429	174.172	127.367	129.005	179.405	207.362	262.142
1430	174.383	127.54	133.764	187.41	199.637	265.707
1431	175.227	127.901	139.686	202.645	192.409	271.457
1432	175.459	127.673	133.649	221.528	188.365	277.964
1433	176.281	128.323	127.509	235.083	185.786	279.253
1434	176.556	128.468	123.993	245.818	184.109	277.59
1435	176.312	128.794	117.553	253.029	185.058	271.042
1436	177.126	129.713	114.198	258.033	186.006	257.155
1437	176.509	130.63	112.971	264.426	190.171	236.824
1438	176.063	131.849	110.82	267.22	194.838	216.471
1439	175.903	132.84	113.451	268.849	197.518	203.058
1440	175.892	134.13	116.936	270.615	197.809	195.241
1441	176.253	135.626	118.925	269.227	199.976	191.797
1442	176.781	136.832	119.942	268.41	200.045	188.802
1443	177.487	137.952	122.324	267.569	196.996	187.312
1444	176.454	138.215	122.117	265.411	187.304	192.881
1445	175.944	138.719	119.038	265.08	178.822	198.316
1446	174.909	140.82	116.407	265.047	180.8	204.874
1447	173.743	141.337	111.455	263.886	174.648	221.083
1448	172.801	141.446	108.674	262.749	173.16	239.649
1449	171.908	141.701	105.738	257.141	173.509	248.058
1450	171.802	141.35	107.959	246.624	174.09	249.4
1451	171.347	141.972	112.746	233.712	178.383	245.359
1452	170.595	142.638	119.274	221.068	179.866	240.741
1453	170.019	141.44	128.752	211.993	178.907	239.19
1454	170.152	140.644	133.922	209.246	179.363	239.625
1455	169.902	139.875	140.07	210.887	181.667	239.53
1456	170.951	139.248	139.176	222.251	196.61	239.239
1457	170.483	138.75	139.007	240.168	199.838	235.66
1458	169.798	138.539	143.442	255.992	201.308	236.135
1459	169.25	137.782	143.036	267.193	202.279	236.491
1460	169.019	136.743	152.585	277.383	201.944	237.691
1461	168.194	137.854	162.823	287.477	201.495	239.168
1462	168.191	137.967	169.499	284.706	202.087	238.74
1463	168.832	137.705	165.645	286.473	204.321	240.708
1464	168.681	138.092	156.494	287.016	202.776	240.337
1465	168.549	137.826	142.901	279.502	200.917	243.75
1466	168.204	137.53	128.019	272.403	209.075	249.048
1467	167.972	137.015	128.473	269.638	206.352	257.411
1468	168.861	135.752	127.453	263.975	209.432	265.023
1469	168.584	135.792	140.896	260.136	206.03	274.806
1470	168.538	134.926	150.044	255.272	202.028	280.176
1471	167.846	133.788	151.115	256.435	203.021	278.083
1472	168.259	132.555	130.348	261.293	205.872	271.089
1473	168.235	130.958	128.04	263.317	208.031	270.555
1474	167.639	129.459	125.742	259.452	204.745	271.351
1475	167.813	128.025	125.467	261.541	204.253	271.276
1476	167.31	126.887	123.802	259.766	209.403	271.526
1477	166.435	125.977	121.816	261.37	210.014	273.212
1478	166.413	124.508	124.361	261.211	208.436	272.567
1479	166.354	123.442	121.508	263.768	212.399	272.334
1480	166.382	123.198	122.401	265.048	208.756	272.577
1481	166.641	123.436	121.113	262.582	206.838	271.457
1482	166.467	123.222	124.479	255.719	208.132	267.508
1483	166.856	123.921	124.046	245.892	199.729	269.583
1484	166.314	124.741	130.251	236.285	198.893	270.85
1485	165.959	125.288	129.062	223.747	203.071	269.396
1486	165.862	126.371	123.71	221.931	203.569	270.723
1487	166.249	128.919	119.38	223.029	203.663	273.143
1488	166.091	128.698	123.783	225.037	201.92	276.573
1489	165.151	129.483	126.636	229.603	202.475	278.367
1490	164.655	129.713	129.748	232.888	205.323	278.922
1491	165.269	130.009	131.706	236.518	204.367	279.706
1492	164.458	129.328	137.134	237.254	205.103	280.362
1493	164.928	128.64	139.968	238.091	205.886	280.109
1494	164.605	128.311	143.437	238.799	206.522	279.329
1495	165.709	127.806	145.453	239.473	206.412	279.152
1496	167.068	127.668	145.571	239.656	208.454	276.506
1497	167.808	127.183	148.811	240.291	207.681	276.93
1498	168.985	126.825	149.339	241.19	206.227	277.148
1499	168.554	125.733	150.651	242.296	206.694	276.565
1500	169.223	124.526	151.73	243.25	207.615	275.734
1501	169.707	123.608	152.371	241.944	206.882	276.351
1502	170.301	123.667	148.226	243.451	209.273	275.621
1503	169.767	124.184	147.013	243.26	209.023	274.248
1504	169.804	123.622	146.929	241.057	211.011	273.697
1505	169.592	122.933	145.511	241.061	210.977	274.301
1506	170.126	122.074	144.736	239.187	210.985	274.095
1507	170.284	121.381	145.417	235.931	212.79	273.648
1508	170.197	121.011	145.456	234.63	211.693	273.514
1509	170.796	120.044	147.917	232.313	211.358	273.616
1510	170.888	118.414	148.735	233.324	210.256	273.622
1511	170.428	117.905	151.341	232.415	209.816	272.887
1512	170.596	117.112	152.608	233.443	209.994	272.318
1513	170.396	117.266	152.829	232.782	209.161	271.935
1514	170.74	116.472	153.499	230.043	208.354	272.085
1515	170.812	116.413	152.781	228.84	211.181	271.115
1516	170.476	116.546	147.945	224.192	209.724	271.451
1517	170.964	117.114	145.695	220.353	209.706	270.635
1518	171.617	116.68	143.572	214.538	209.681	270.482
1519	171.489	116.799	143.802	210.319	209.219	270.415
1520	170.418	116.545	147.151	205.372	208.285	268.439
1521	171.067	116.467	145.728	200.42	210.801	266.878
1522	170.837	117.111	143.868	196.65	210.089	267.032
1523	170.446	117.854	140.642	194.386	210.613	265.712
1524	170.253	117.749	138.064	192.649	212.058	264.721
1525	169.47	118.49	137.384	191.565	213.555	261.524
1526	169.027	118.237	134.87	191.033	215.84	257.879
1527	169.587	117.388	134.407	190.71	219.275	255.954
1528	169.482	117.256	133.351	190.041	218.319	253.218
1529	169.429	116.528	133.964	187.9	220.426	253.25
1530	169.249	116.133	133.599	188.169	220.37	250.672
1531	169.779	116.387	136.675	190.143	219.854	251.525
1532	170.486	117.149	140.827	194.096	218.704	258.005
1533	170.952	115.372	148.855	202.27	218.605	264.189
1534	170.694	115.832	148.712	212.073	217.504	271.53
1535	170.494	115.696	149.081	218.626	216.357	273.316
1536	171.14	114.986	146.67	219.201	215.065	276.629
1537	171.144	114.892	142.6	214.027	214.136	276.683
1538	171.199	115.563	140.117	204.185	212.341	279.466
1539	170.002	115.675	130.255	189.731	211.086	280.378
1540	170.309	115.167	120.396	171.218	210.182	281.266
1541	169.453	114.783	115.808	156.748	208.877	278.774
1542	169.642	114.95	115.573	149.323	205.972	277.949
1543	170.53	114.798	119.835	154.469	202.659	276.364
1544	171.197	116.053	127.308	164.81	202.939	272.421
1545	171.051	116.56	135.397	181.942	200.093	267.868
1546	171.748	117.429	148.508	191.998	196.134	265.264
1547	172.684	118.147	162.247	196.503	190.229	261.624
1548	172.842	118.371	171.896	202.767	188.311	257.076
1549	173.194	118.899	169.181	218.513	186.531	250.797
1550	174.081	119.82	165.533	229.258	200.308	246.471
1551	175.701	120.552	139.648	244.076	208.367	241.857
1552	175.855	119.918	138.093	241.895	206.752	238.561
1553	175.792	120.979	144.022	233.222	211.286	241.791
1554	175.244	121.684	134.638	226.362	216.124	244.454
1555	175.23	123.06	134.172	220.523	215.296	249.499
1556	174.869	124.219	130.976	211.225	209.395	256.401
1557	174.888	125.622	122.588	206.802	208.79	263.872
1558	175.149	126.65	123.974	204.052	207.654	271.294
1559	174.686	126.645	126.899	202.76	204.592	276.798
1560	174.797	127.07	128.438	204.13	203.582	280.859
1561	174.42	127.664	128.932	197.098	201.242	282.514
1562	173.346	127.23	125.451	188.478	198.029	281.614
1563	172.267	126.809	122.86	169.573	197.241	274.752
1564	171.402	127.283	119.5	158.725	197.715	267.185
1565	170.681	127.521	118.42	149.439	199.214	256.979
1566	170.752	127.365	119.757	149.675	198.851	246.774
1567	170.257	125.834	121.585	157.615	197.702	233.454
1568	171.477	124.343	125.796	167.809	195.797	222.357
1569	171.282	122.856	131.269	181.801	194.258	213.69
1570	172.113	121.835	128.734	196.194	196.278	211.901
1571	172.675	121.542	126.442	202.741	199.282	218.001
1572	173.192	122.281	125.369	204.133	198.413	218.415
1573	172.922	123.013	128.184	198.493	195.626	214.191
1574	173.198	122.561	123.488	201.835	198.559	223.356
1575	173.139	123.436	122.157	203.868	200.238	231.709
1576	173.269	123.875	120.903	205.161	201.69	239.513
1577	172.691	124.343	120.784	203.946	204.42	245.198
1578	172.251	124.678	122.449	203.835	203.69	248.356
1579	171.58	125.616	122.682	204.634	206.01	251.235
1580	171.058	126.651	122.724	204.108	205.449	250.183
1581	170.932	127.091	122.139	205.564	205.554	249.374
1582	171.412	126.724	122.798	204.204	204.594	250.333
1583	171.569	126.562	120.665	204.006	204.57	248.751
1584	171.583	126.067	123.023	200.795	201.437	245.434
1585	171.706	124.708	123.987	197.304	200.126	244.941
1586	172.965	122.234	117.724	197.753	199.923	240.609
1587	173.899	121.532	92.6471	206.453	201.1	237.941
1588	174.926	120.291	78.0007	213.173	197.915	236.264
1589	174.446	118.298	66.0391	215.682	194.107	234.502
1590	174.919	117.568	62.2661	216.846	191.729	234.411
1591	174.12	117.214	60.3606	217.686	187.466	233.319
1592	173.596	115.685	58.1973	212.688	187.249	233.433
1593	172.479	115.665	56.5073	210.517	186.548	233.171
1594	171.583	115.25	57.8698	209.212	187.188	233.697
1595	171.41	115.519	57.2728	208.404	186.663	232.373
1596	171.132	116.051	57.1145	209.904	187.364	232.399
1597	170.884	115.977	59.172	209.369	186.275	233.774
1598	171.015	116.114	63.4762	206.861	182.24	234.417
1599	169.641	117.574	72.8355	199.652	177.242	240.758
1600	167.99	119.7	88.3421	189.612	174.287	247.906
1601	166.248	121.107	100.759	177.804	164.451	260.369
1602	164.925	122.433	114.98	163.159	159.89	267.829
1603	163.665	124.07	119.843	155.907	158.65	269.089
1604	162.915	124.321	120.486	149.178	157.051	270.295
1605	161.221	124.676	115.653	156.347	153.255	269.889
1606	159.546	124.753	114.532	161.362	152.4	268.88
1607	159.001	125.079	114.464	169.601	150.47	270.161
1608	158.704	126.74	118.023	179.859	149.783	270.27
1609	158.944	127.87	135.302	193.531	149.101	270.864
1610	160.225	128.531	159.989	198.71	149.548	272.567
1611	160.729	128.815	168.726	208.089	153.349	272.215
1612	160.971	127.876	170.398	211.471	158.685	271.625
1613	161.988	128.121	169.466	212.193	164.733	272.108
1614	162.235	127.179	165.668	209.49	168.086	275.39
1615	162.982	127.044	160.217	208.573	175.915	275.321
1616	164.162	128.576	157.344	207.03	179.613	276.908
1617	164.267	129.467	147.821	201.908	185.958	278.072
1618	165.209	130.396	136.657	199.739	187.23	280.793
1619	165.469	130.856	138.561	202.295	187.779	282.88
1620	166.634	129.951	148.453	218.933	188.617	285.304
1621	168.173	129.869	153.965	240.17	190.234	284.149
1622	169.181	129.369	159.75	244.943	191.39	284.613
1623	169.747	128.976	162.614	242.957	186.459	287.079
1624	170.65	129.197	170.832	241.06	181.749	288.735
1625	171.107	130.149	171.558	239.187	179.138	288.637
1626	172.082	130.698	170.488	240.471	178.641	290.873
1627	172.893	129.192	166.076	239.854	183.613	298.789
1628	174.567	126.61	162.076	242.746	199.996	305.549
1629	177.054	123.926	153.978	245.225	222.699	313.993
1630	180.168	121.723	149.688	247.044	241.94	320.699
1631	182.625	119.236	144.528	244.539	258.711	319.467
1632	185.354	117.656	144.743	242.226	262.243	316.038
1633	187.333	117.189	142.208	239.496	260.461	315.262
1634	188.831	115.325	143.83	238.516	253.423	315.413
1635	189.84	113.684	151.338	242.519	244.347	315.139
1636	190.108	112.383	159.038	241.739	234.99	316.766
1637	189.579	112.556	162.051	236.994	221.425	307.179
1638	189.56	113.106	155.709	233.276	216.092	299.748
1639	187.384	113.575	148.51	233.511	218.44	301.222
1640	185.591	115.145	142.427	234.033	228.203	304.348
1641	183.788	116.268	132.727	240.32	239.358	303.55
1642	182.174	118.68	118.855	244.613	246.569	309.351
1643	180.82	119.859	102.276	247.117	254.199	320.09
1644	178.976	120.967	94.3739	249.059	259.82	329.86
1645	177.198	120.886	103.336	245.834	260.52	334.577
1646	175.846	121.924	105.58	217.624	259.39	339.288
1647	174.522	123.261	110.52	195.969	259.122	343.078
1648	172.194	123.332	107.421	173.581	257.165	344.109
1649	171.761	124.568	103.271	167.736	255.949	345.421
1650	170.349	126.16	103.958	170.511	255.475	345.23
1651	169.904	127	108.233	182.368	255.433	347.106
1652	168.46	127.388	115.977	199.701	254.518	348.711
1653	167.82	126.818	123.717	223.129	253.923	346.573
1654	167.167	127.472	131.572	243.306	253.739	347.509
1655	165.896	128.063	139.309	252.586	253.369	347.18
1656	165.724	128.529	145.986	254.837	252.678	346.824
1657	164.717	129.514	147.971	249.433	252.123	346.857
1658	164.025	129.63	148.702	242.412	250.36	340.638
1659	163.001	130.35	148.967	233.907	247.212	336.724
1660	162.003	131.631	142.777	225.975	238.583	325.679
1661	161.771	131.608	134.179	218.48	231.502	308.522
1662	160.774	134.267	123.61	213.578	228	293.454
1663	159.904	136.024	116.425	208.49	224.264	287.824
1664	159.169	137.92	112.65	206.464	222.865	281.758
1665	157.889	139.418	111.396	205.642	220.613	280.747
1666	155.98	139.742	110.332	205.534	221.613	277.173
1667	154.326	141.296	108.933	209.634	218.152	278.458
1668	153.026	142.353	118.238	215.075	218.399	284.043
1669	152.094	142.587	133.554	234.426	219.012	298.642
1670	152.199	141.935	137.575	265.057	223.19	316.419
1671	152.018	141.553	136.929	282.198	225.856	329.426
1672	152.528	142.114	142.242	286.115	227.452	333.728
1673	152.461	142.444	139.446	278.401	228.685	333.755
1674	152.885	142.618	136.112	269.514	229.647	332.287
1675	152.08	143.511	131.956	261.388	231.507	332.949
1676	151.489	143.137	125.851	257.967	232.353	332.089
1677	150.674	142.547	126.275	255.444	231.186	331.741
1678	149.731	142.396	128.323	261.309	231.331	331.203
1679	149.384	142.141	122.705	273.119	228.746	332.829
1680	148.228	141.344	110.53	285.087	228.2	330.613
1681	147.859	140.482	100.093	292.515	228.174	327.745
1682	146.959	138.413	92.3844	298.472	229.493	325.719
1683	145.724	137.461	88.5771	307.166	231.237	322.272
1684	144.99	135.202	87.0154	318.497	232.134	321.979
1685	144.172	131.352	87.4599	320.948	234.149	320.353
1686	142.977	128.52	87.3287	321.003	235.593	319.516
1687	141.673	125.14	88.2739	318.821	235.928	318.8
1688	140.176	122.981	88.9169	318.216	237.107	321.735
1689	139.176	120.519	88.091	318.457	237.78	322.673
1690	138.928	118.662	86.1933	316.984	237.807	321.976
1691	137.837	116.939	85.6516	313.576	236.844	322.592
1692	137.204	115.75	87.4443	311.322	236.481	324.305
1693	136.826	114.126	89.5526	307.628	236.821	324.197
1694	136.147	112.541	90.4014	305.391	237.747	325.389
1695	136.962	112.115	88.5415	304.341	238.41	326.704
1696	136.709	112.265	86.3626	307.587	237.547	326.992
1697	136.641	112.095	84.4051	307.058	237.897	329.635
1698	137.336	111.144	83.0414	306.46	237.63	327.627
1699	137.289	110.453	81.6176	306.758	238.654	328.241
1700	137.317	111.268	81.9741	305.181	238.905	328.929
1701	137.376	110.587	81.7556	302.729	238.269	328.436
1702	138.23	110.265	82.4834	302.978	238.438	329.202
1703	138.949	109.665	83.1726	302.869	239.153	329.574
1704	138.357	109.868	81.3352	305.178	238.532	330.252
1705	139.034	110.075	79.6799	307.808	239.684	330.756
1706	139.321	109.721	80.0358	308.477	240.72	330.393
1707	139.568	109.812	76.1677	310.234	241.439	331.119
1708	139.54	110.522	74.872	310.651	243.667	329.809
1709	139.833	112.015	75.1315	309.806	244.741	331.767
1710	139.978	112.634	75.4715	310.013	243.924	331.81
1711	138.967	113.4	75.0942	310.8	242.746	332.835
1712	137.828	113.96	76.6561	309.71	242.342	332.785
1713	138.365	113.399	75.6416	309.732	241.146	333.457
1714	138.161	112.799	74.6255	310.602	241.075	332.98
1715	138.77	113.264	75.3463	311.793	241.9	332.422
1716	138.507	113.502	76.3975	311.251	241.535	330.565
1717	138.904	114.049	75.9215	311.05	240.548	327.056
1718	138.817	113.652	74.5267	310.776	241.516	323.387
1719	138.7	114.329	77.7591	310.705	241.614	319.174
1720	138.726	114.907	76.7413	311.749	241.668	317.816
1721	138.645	115.125	77.7847	311.33	242.841	315.301
1722	139.479	115.655	79.1474	310.894	242.301	315.205
1723	139.497	116.141	80.997	311.457	242.803	316.691
1724	140.07	116.658	82.5241	311.856	242.041	318.71
1725	140.352	115.935	82.5771	310.15	241.432	322.69
1726	140.466	115.903	82.7493	310.338	241.811	327.486
1727	140.939	116.544	83.4448	309.189	240.976	330.358
1728	140.797	115.956	82.4986	309.068	239.81	332.585
1729	140.809	116.081	82.126	308.517	240.912	335.342
1730	141.251	115.737	81.1352	308.001	240.077	335.084
1731	141.072	115.059	82.7702	307.373	239.195	334.087
1732	141.509	114.807	80.6254	305.648	236.825	332.966
1733	141.886	114.417	83.6911	302.394	236.72	329.879
1734	141.271	114.679	88.8127	294.87	234.528	323.065
1735	140.517	113.971	96.1148	280.359	231.969	317.127
1736	140.694	113.978	106.11	266.729	227.587	308.729
1737	141.438	114.504	117.581	255.166	222.543	301.974
1738	141.169	115.272	126.939	243.103	217.211	290.5
1739	141.563	115.094	133.032	227.871	213.328	279.175
1740	142.375	115.274	138.938	218.499	209.218	262.623
1741	142.495	115.079	144.103	209.942	205.52	242.047
1742	141.56	114.891	143.747	208.486	204.623	222.934
1743	142.699	114.714	139.599	206.686	209.724	207.718
1744	143.558	115.268	142.543	203.024	214.697	183.036
1745	143.053	116.766	143.59	203.798	219.51	162.296
1746	144.019	116.915	141.936	218.123	229.327	148.668
1747	144.261	116.454	137.066	236.17	235.033	136.737
1748	144.733	116.638	133.92	244.254	241.482	132.077
1749	144.536	116.197	137.49	238.771	249.15	134.175
1750	144.967	115.477	141.51	225.879	257.637	143.549
1751	145.923	115.843	147.136	214.484	264.132	155.009
1752	146.033	116.551	151.711	201.811	264.595	169.676
1753	145.666	117.666	152.359	195.051	256.074	181.315
1754	146.028	119.303	144.852	196.21	233.301	185.144
1755	147.34	119.85	137.707	198.821	221.666	203.013
1756	148.563	120.233	140.087	198.798	207.493	215.517
1757	149.166	120.681	132.762	211.29	199.624	225.929
1758	150.404	120.454	114.891	230.935	194.541	227.589
1759	151.54	121.272	115.955	236.085	198.365	235.232
1760	152.087	122.35	112.258	246.107	191.96	243.73
1761	151.588	122.005	115.764	249.741	189.98	249.84
1762	150.506	122.639	109.211	252.543	183.784	250.711
1763	149.93	123.326	108.318	250.973	184.481	249.408
1764	149.636	123.184	109.848	246.074	188.766	246.41
1765	149.728	123.723	115.258	240.247	182.036	240.575
1766	149.132	124.467	114.18	233.217	182.308	235.384
1767	148.794	125.468	112.575	224.212	178.957	224.796
1768	149.014	126.64	105.072	208.767	183.619	209.955
1769	148.49	126.932	87.7611	195.882	195.103	193.649
1770	148.252	126.857	77.8291	186.508	205.036	178.968
1771	148.251	125.661	68.8324	180.607	213.643	170.609
1772	148.299	125.887	64.0053	175.223	221.314	166.35
1773	148.377	125.194	62.5982	176.28	227.25	168.331
1774	147.631	124.866	65.2735	179.329	231.238	173.753
1775	148.075	124.69	69.0087	191.188	231.866	183.052
1776	147.868	124.346	79.9555	197.723	231.686	196.664
1777	148.181	124.798	89.3633	211.865	231.587	220.387
1778	148.239	124.812	99.3058	224.705	229.633	253.462
1779	148.708	124.074	109.995	233.906	229.96	280.896
1780	148.934	123.567	114.32	244.576	229.482	301.353
1781	149.824	123.287	120.628	254.503	226.168	309.892
1782	150.425	122.779	125.145	267.609	226.899	309.005
1783	151.699	122.66	122.596	285.412	228.435	307.682
1784	153.065	122.948	114.293	299.43	227.49	308.347
1785	152.848	122.721	109.63	304.24	226.653	308.883
1786	152.978	122.773	110.192	301.416	227.246	310.46
1787	153.515	122.284	111.355	302.556	228.669	310.897
1788	153.686	122.665	110.662	302.726	229.074	312.2
1789	153.545	121.966	111.321	304.712	230.372	312.626
1790	153.829	122.441	109.794	304.888	230.421	313.562
1791	153.477	121.896	109.15	306.186	229.127	315.736
1792	151.958	120.5	110.073	306.439	229.344	314.631
1793	150.999	120.565	109.155	305.354	228.912	316.03
1794	150.628	119.612	111.47	306.131	228.712	316.717
1795	150.418	118.692	111.39	305.571	229.047	316.722
1796	148.934	119.411	112.352	306.094	231.045	315.864
1797	147.541	118.737	113.934	306.584	230.575	315.594
1798	147.262	118.662	112.998	305.666	230.82	316.313
1799	146.503	118.99	112.425	305.723	230.534	316.201
1800	146.636	119.658	112.917	305.533	231.192	317.509
1801	146.314	120.586	113.963	306.167	231.486	316.707
1802	144.737	120.296	113.441	307.667	230.786	316.485
1803	144.925	120.244	113.362	306.328	229.94	317.185
1804	145.061	119.106	113.111	307.406	230.791	316.818
1805	144.663	118.293	112.888	306.582	231.184	316.498
1806	144.943	117.973	114.069	306.295	231.628	316.037
1807	144.517	117.749	112.975	306.05	231.395	316.949
1808	144.341	117.795	113.732	306.879	230.613	315.83
1809	144.114	117.885	112.59	306.035	230.775	316.961
1810	144.311	117.921	111.616	306.482	230.018	316.933
1811	143.956	118.005	113.337	307.082	231.014	317.431
1812	144.632	118.784	112.718	306.032	231.005	316.297
1813	144.561	118.343	113.082	306.727	231.799	316.818
1814	145.124	118.575	113.792	305.627	230.976	316.552
1815	144.912	119.396	114.13	306.462	230.85	316.926
1816	145.03	119.13	113.917	307.031	230.785	316.417
1817	144.827	118.501	113.181	305.645	231.239	316.469
1818	144.798	118.915	112.859	306.423	229.729	316.929
1819	143.887	118.36	112.462	306.426	230.345	316.671
1820	143.944	118.78	112.735	305.481	229.996	316.881
1821	144.354	119.57	111.727	306.162	229.813	316.296
1822	144.525	120.546	112.682	306.92	230.513	316.457
1823	144.681	121.071	111.066	305.307	229.376	316.962
1824	144.913	121.565	112.776	306.535	230.245	317.01
1825	144.176	121.074	114.076	306.544	230.697	317.343
1826	144.901	121.167	113.74	306.492	230.648	317.925
1827	145.268	121.318	113.735	306.327	230.419	317.502
1828	145.256	122.054	113.496	305.768	231.739	316.378
1829	145.067	122.043	113.296	306.203	230.842	317.744
1830	145.08	120.723	113.078	305.953	231.016	316.407
1831	145.118	120.116	114.756	307.685	230.387	316.727
1832	144.779	120.251	113.245	307.119	231.246	316.501
1833	144.347	119.569	113.526	307.52	230.983	318.012
1834	143.852	118.75	114.676	307.414	230.734	316.187
1835	143.76	118.944	113.585	306.739	230.536	317.282
1836	142.62	119.264	112.53	307.014	230.618	316.033
1837	142.691	118.637	113.369	305.62	229.786	316.426
1838	142.458	119.391	111.789	305.362	229.347	316.171
1839	142.637	119.961	112.097	306.707	231.502	317.473
1840	141.38	120.96	112.379	306.477	231.356	316.573
1841	141.249	121.648	113.61	307.029	232.146	316.943
1842	140.917	121.933	112.027	306.514	229.949	315.963
1843	140.417	121.731	113.568	306.753	231.481	316.983
1844	139.627	121.891	113.922	306.512	231.103	317.329
1845	139.493	121.873	112.24	306.4	230.386	317.109
1846	139.06	121.756	112.497	306.845	230.642	316.324
1847	138.497	122.713	111.273	305.37	230.816	316.363
1848	138.387	121.972	112.472	306.234	230.955	317.186
1849	138.593	121.868	113.069	305.923	230.231	316.19
1850	137.538	122.451	112.224	307.103	231.183	316.233
1851	137.326	122.348	112.831	307.125	231.501	316.302
1852	136.669	122.793	112.555	306.673	229.813	317.718
1853	136.143	122.876	111.764	305.347	230.03	316.214
1854	136.449	123.672	113.677	306.887	230.131	316.097
1855	137.023	124.177	112.827	306.392	230.669	315.825
1856	136.862	124.225	111.744	306.068	229.811	316.621
1857	136.64	124.151	111.431	306.611	230.864	316.766
1858	136.004	125.074	112.039	306.198	231.249	317.73
1859	135.025	124.742	113.754	306.441	230.351	317.395
1860	135.885	124.955	113.165	306.898	230.759	316.93
1861	136.309	123.916	113.142	306.265	230.632	318.553
1862	137.087	123.163	112.95	306.364	230.72	318.343
1863	136.869	123.817	112.54	306.543	230.67	316.642
1864	137.496	123.401	113.709	307.016	231.015	316.396
1865	137.319	123.358	112.939	306.691	230.875	317.739
1866	137.449	123.347	111.614	306.889	230.959	316.862
1867	136.601	123.414	112.179	305.393	230.122	316.568
1868	136.379	124.341	110.989	305.39	230.868	317.647
1869	136.955	124.516	111.655	305.84	230.979	316.944
1870	137.135	125.024	113.077	306.732	231.716	316.628
1871	137.103	125.154	113.295	306.46	230.762	315.544
1872	137.578	125.339	112.471	306.475	230.587	317.62
1873	136.969	125.827	113.727	307.092	231.58	317.278
1874	136.876	125.506	113.272	306.837	230.146	317.051
1875	137.165	126.191	112.598	306.44	231.707	316.845
1876	138.256	125.793	112.341	306.275	231.028	316.837
1877	137.997	126.577	113.654	306.131	229.809	317.977
1878	138.553	126.852	114.202	306.935	230.829	317.031
1879	138.04	126.749	112.738	306.366	230.552	317.129
1880	138.239	126.745	112.182	306.076	231.106	316.807
1881	138.083	126.595	113.043	307.295	230.9	316.485
1882	137.319	126.466	112.995	306.031	230.825	315.72
1883	137.143	127.327	113.545	306.669	231.273	316.647
1884	137.252	127.547	113.349	305.806	231.03	316.511
1885	136.752	126.979	112.836	306.29	231.251	316.088
1886	137.192	125.861	113.433	306.145	230.996	316.861
1887	137.067	125.755	113.966	306.85	231.378	317.093
1888	137.295	125.98	113.286	306.903	229.755	317.376
1889	136.31	126.395	111.456	305.395	231.531	316.831
1890	136.657	126.603	112.083	306.156	230.533	316.528
1891	137.264	125.963	113.16	306.323	230.933	315.427
