




0.001000 0.000000 0 0
0.001000 10000.000000 1 1
0.171398 7792.642140 1 11
0.001000 0.000000 1 2
0.034411 3444.816054 1 19
0.034411 1705.685619 1 19
0.041094 234.113712 7 19
0.017706 1304.347826 5 15
0.001000 0.000000 1 13
0.004341 66.889632 1 20
0.004341 66.889632 3 20
0.004341 66.889632 5 20
0.004341 66.889632 7 20
0.027729 2474.916388 5 19
0.004341 66.889632 9 20
0.001000 0.000000 4 18
0.004341 66.889632 11 20
0.001000 0.000000 6 20
0.007682 702.341137 7 15
0.001000 0.000000 0 14
0.004341 66.889632 1 19
0.004341 0.000000 15 16
0.001000 0.000000 9 20
0.001000 0.000000 3 17
0.001000 0.000000 12 20
0.004341 0.000000 7 12
0.001000 0.000000 5 19
0.004341 66.889632 13 20
0.004341 0.000000 11 16
0.001000 0.000000 10 18
0.004341 0.000000 4 9
0.004341 33.444816 15 16
0.001000 0.000000 2 16
0.024388 3277.591973 6 19
0.001000 0.000000 13 18
0.001000 0.000000 15 20
0.044435 334.448161 18 19
0.034411 1103.678930 19 20
0.001000 0.000000 8 18
0.041094 1471.571906 19 20
0.021047 1672.240803 19 20
0.004341 66.889632 17 20
0.014365 33.444816 5 20
0.001000 0.000000 18 20
0.021047 1270.903010 19 20
0.011023 367.892977 15 20
0.007682 234.113712 17 20
0.004341 0.000000 9 12
0.001000 0.000000 14 19
0.004341 0.000000 12 20
0.024388 535.117057 19 20
0.001000 0.000000 20 20
0.004341 0.000000 16 18
0.011023 167.224080 17 20
0.004341 66.889632 19 20
0.001000 0.000000 8 19
0.004341 100.334448 16 20
0.004341 0.000000 20 20
0.004341 0.000000 16 20
0.001000 0.000000 17 20
0.021047 0.000000 19 20
0.007682 100.334448 19 20
0.004341 0.000000 19 20
0.014365 301.003344 20 20
0.004341 66.889632 15 20
0.034411 1438.127090 8 19
0.007682 133.779264 20 20
0.001000 0.000000 19 20
0.014365 234.113712 20 20
0.004341 33.444816 18 20
0.001000 0.000000 0 19
0.004341 33.444816 20 20
0.014365 1137.123746 19 20
0.007682 33.444816 20 20
0.017706 334.448161 20 20
0.004341 33.444816 12 17
0.011023 66.889632 20 20
0.001000 0.000000 15 17
0.004341 0.000000 18 19
0.017706 869.565217 20 20
0.001000 0.000000 16 18
0.007682 0.000000 20 20
0.031070 802.675585 13 20
0.007682 234.113712 20 20
0.001000 0.000000 3 20
0.004341 66.889632 20 20
0.001000 0.000000 17 19
0.011023 434.782609 20 20
0.004341 100.334448 20 20
0.004341 0.000000 18 20
0.021047 2173.913043 19 20
0.001000 0.000000 0 5
0.004341 33.444816 18 19
0.007682 267.558528 20 20
